   mtry ntree cutoff1 cutoff2 replace OOB_estimate     AUC
1    23   100     0.7     0.3   FALSE    0.2610837 0.86416
2    15   100     0.5     0.5   FALSE    0.2758621 0.86390
3    20   100     0.6     0.4   FALSE    0.2758621 0.85967
4    18   100     0.5     0.5   FALSE    0.2610837 0.85941
5    29   100     0.5     0.5   FALSE    0.2906404 0.85888
6     9   100     0.8     0.2   FALSE    0.2906404 0.85888
7    12   100     0.8     0.2   FALSE    0.2709360 0.85888
8     8   100     0.6     0.4   FALSE    0.2512315 0.85862
9    20   100     0.5     0.5   FALSE    0.2610837 0.85782
10    9   100     0.6     0.4   FALSE    0.2758621 0.85756
