     mtry ntree cutoff0 cutoff1 replace
1       8   300    0.50    0.50    TRUE
2       9   300    0.50    0.50    TRUE
3      10   300    0.50    0.50    TRUE
4      11   300    0.50    0.50    TRUE
5      12   300    0.50    0.50    TRUE
6      13   300    0.50    0.50    TRUE
7      14   300    0.50    0.50    TRUE
8      15   300    0.50    0.50    TRUE
9      16   300    0.50    0.50    TRUE
10     17   300    0.50    0.50    TRUE
11     18   300    0.50    0.50    TRUE
12     19   300    0.50    0.50    TRUE
13     20   300    0.50    0.50    TRUE
14     21   300    0.50    0.50    TRUE
15     22   300    0.50    0.50    TRUE
16     23   300    0.50    0.50    TRUE
17     24   300    0.50    0.50    TRUE
18     25   300    0.50    0.50    TRUE
19     26   300    0.50    0.50    TRUE
20     27   300    0.50    0.50    TRUE
21     28   300    0.50    0.50    TRUE
22     29   300    0.50    0.50    TRUE
23     30   300    0.50    0.50    TRUE
24     31   300    0.50    0.50    TRUE
25     32   300    0.50    0.50    TRUE
26      8   500    0.50    0.50    TRUE
27      9   500    0.50    0.50    TRUE
28     10   500    0.50    0.50    TRUE
29     11   500    0.50    0.50    TRUE
30     12   500    0.50    0.50    TRUE
31     13   500    0.50    0.50    TRUE
32     14   500    0.50    0.50    TRUE
33     15   500    0.50    0.50    TRUE
34     16   500    0.50    0.50    TRUE
35     17   500    0.50    0.50    TRUE
36     18   500    0.50    0.50    TRUE
37     19   500    0.50    0.50    TRUE
38     20   500    0.50    0.50    TRUE
39     21   500    0.50    0.50    TRUE
40     22   500    0.50    0.50    TRUE
41     23   500    0.50    0.50    TRUE
42     24   500    0.50    0.50    TRUE
43     25   500    0.50    0.50    TRUE
44     26   500    0.50    0.50    TRUE
45     27   500    0.50    0.50    TRUE
46     28   500    0.50    0.50    TRUE
47     29   500    0.50    0.50    TRUE
48     30   500    0.50    0.50    TRUE
49     31   500    0.50    0.50    TRUE
50     32   500    0.50    0.50    TRUE
51      8  1000    0.50    0.50    TRUE
52      9  1000    0.50    0.50    TRUE
53     10  1000    0.50    0.50    TRUE
54     11  1000    0.50    0.50    TRUE
55     12  1000    0.50    0.50    TRUE
56     13  1000    0.50    0.50    TRUE
57     14  1000    0.50    0.50    TRUE
58     15  1000    0.50    0.50    TRUE
59     16  1000    0.50    0.50    TRUE
60     17  1000    0.50    0.50    TRUE
61     18  1000    0.50    0.50    TRUE
62     19  1000    0.50    0.50    TRUE
63     20  1000    0.50    0.50    TRUE
64     21  1000    0.50    0.50    TRUE
65     22  1000    0.50    0.50    TRUE
66     23  1000    0.50    0.50    TRUE
67     24  1000    0.50    0.50    TRUE
68     25  1000    0.50    0.50    TRUE
69     26  1000    0.50    0.50    TRUE
70     27  1000    0.50    0.50    TRUE
71     28  1000    0.50    0.50    TRUE
72     29  1000    0.50    0.50    TRUE
73     30  1000    0.50    0.50    TRUE
74     31  1000    0.50    0.50    TRUE
75     32  1000    0.50    0.50    TRUE
76      8  1500    0.50    0.50    TRUE
77      9  1500    0.50    0.50    TRUE
78     10  1500    0.50    0.50    TRUE
79     11  1500    0.50    0.50    TRUE
80     12  1500    0.50    0.50    TRUE
81     13  1500    0.50    0.50    TRUE
82     14  1500    0.50    0.50    TRUE
83     15  1500    0.50    0.50    TRUE
84     16  1500    0.50    0.50    TRUE
85     17  1500    0.50    0.50    TRUE
86     18  1500    0.50    0.50    TRUE
87     19  1500    0.50    0.50    TRUE
88     20  1500    0.50    0.50    TRUE
89     21  1500    0.50    0.50    TRUE
90     22  1500    0.50    0.50    TRUE
91     23  1500    0.50    0.50    TRUE
92     24  1500    0.50    0.50    TRUE
93     25  1500    0.50    0.50    TRUE
94     26  1500    0.50    0.50    TRUE
95     27  1500    0.50    0.50    TRUE
96     28  1500    0.50    0.50    TRUE
97     29  1500    0.50    0.50    TRUE
98     30  1500    0.50    0.50    TRUE
99     31  1500    0.50    0.50    TRUE
100    32  1500    0.50    0.50    TRUE
101     8  2000    0.50    0.50    TRUE
102     9  2000    0.50    0.50    TRUE
103    10  2000    0.50    0.50    TRUE
104    11  2000    0.50    0.50    TRUE
105    12  2000    0.50    0.50    TRUE
106    13  2000    0.50    0.50    TRUE
107    14  2000    0.50    0.50    TRUE
108    15  2000    0.50    0.50    TRUE
109    16  2000    0.50    0.50    TRUE
110    17  2000    0.50    0.50    TRUE
111    18  2000    0.50    0.50    TRUE
112    19  2000    0.50    0.50    TRUE
113    20  2000    0.50    0.50    TRUE
114    21  2000    0.50    0.50    TRUE
115    22  2000    0.50    0.50    TRUE
116    23  2000    0.50    0.50    TRUE
117    24  2000    0.50    0.50    TRUE
118    25  2000    0.50    0.50    TRUE
119    26  2000    0.50    0.50    TRUE
120    27  2000    0.50    0.50    TRUE
121    28  2000    0.50    0.50    TRUE
122    29  2000    0.50    0.50    TRUE
123    30  2000    0.50    0.50    TRUE
124    31  2000    0.50    0.50    TRUE
125    32  2000    0.50    0.50    TRUE
126     8  3000    0.50    0.50    TRUE
127     9  3000    0.50    0.50    TRUE
128    10  3000    0.50    0.50    TRUE
129    11  3000    0.50    0.50    TRUE
130    12  3000    0.50    0.50    TRUE
131    13  3000    0.50    0.50    TRUE
132    14  3000    0.50    0.50    TRUE
133    15  3000    0.50    0.50    TRUE
134    16  3000    0.50    0.50    TRUE
135    17  3000    0.50    0.50    TRUE
136    18  3000    0.50    0.50    TRUE
137    19  3000    0.50    0.50    TRUE
138    20  3000    0.50    0.50    TRUE
139    21  3000    0.50    0.50    TRUE
140    22  3000    0.50    0.50    TRUE
141    23  3000    0.50    0.50    TRUE
142    24  3000    0.50    0.50    TRUE
143    25  3000    0.50    0.50    TRUE
144    26  3000    0.50    0.50    TRUE
145    27  3000    0.50    0.50    TRUE
146    28  3000    0.50    0.50    TRUE
147    29  3000    0.50    0.50    TRUE
148    30  3000    0.50    0.50    TRUE
149    31  3000    0.50    0.50    TRUE
150    32  3000    0.50    0.50    TRUE
151     8   300    0.45    0.55    TRUE
152     9   300    0.45    0.55    TRUE
153    10   300    0.45    0.55    TRUE
154    11   300    0.45    0.55    TRUE
155    12   300    0.45    0.55    TRUE
156    13   300    0.45    0.55    TRUE
157    14   300    0.45    0.55    TRUE
158    15   300    0.45    0.55    TRUE
159    16   300    0.45    0.55    TRUE
160    17   300    0.45    0.55    TRUE
161    18   300    0.45    0.55    TRUE
162    19   300    0.45    0.55    TRUE
163    20   300    0.45    0.55    TRUE
164    21   300    0.45    0.55    TRUE
165    22   300    0.45    0.55    TRUE
166    23   300    0.45    0.55    TRUE
167    24   300    0.45    0.55    TRUE
168    25   300    0.45    0.55    TRUE
169    26   300    0.45    0.55    TRUE
170    27   300    0.45    0.55    TRUE
171    28   300    0.45    0.55    TRUE
172    29   300    0.45    0.55    TRUE
173    30   300    0.45    0.55    TRUE
174    31   300    0.45    0.55    TRUE
175    32   300    0.45    0.55    TRUE
176     8   500    0.45    0.55    TRUE
177     9   500    0.45    0.55    TRUE
178    10   500    0.45    0.55    TRUE
179    11   500    0.45    0.55    TRUE
180    12   500    0.45    0.55    TRUE
181    13   500    0.45    0.55    TRUE
182    14   500    0.45    0.55    TRUE
183    15   500    0.45    0.55    TRUE
184    16   500    0.45    0.55    TRUE
185    17   500    0.45    0.55    TRUE
186    18   500    0.45    0.55    TRUE
187    19   500    0.45    0.55    TRUE
188    20   500    0.45    0.55    TRUE
189    21   500    0.45    0.55    TRUE
190    22   500    0.45    0.55    TRUE
191    23   500    0.45    0.55    TRUE
192    24   500    0.45    0.55    TRUE
193    25   500    0.45    0.55    TRUE
194    26   500    0.45    0.55    TRUE
195    27   500    0.45    0.55    TRUE
196    28   500    0.45    0.55    TRUE
197    29   500    0.45    0.55    TRUE
198    30   500    0.45    0.55    TRUE
199    31   500    0.45    0.55    TRUE
200    32   500    0.45    0.55    TRUE
201     8  1000    0.45    0.55    TRUE
202     9  1000    0.45    0.55    TRUE
203    10  1000    0.45    0.55    TRUE
204    11  1000    0.45    0.55    TRUE
205    12  1000    0.45    0.55    TRUE
206    13  1000    0.45    0.55    TRUE
207    14  1000    0.45    0.55    TRUE
208    15  1000    0.45    0.55    TRUE
209    16  1000    0.45    0.55    TRUE
210    17  1000    0.45    0.55    TRUE
211    18  1000    0.45    0.55    TRUE
212    19  1000    0.45    0.55    TRUE
213    20  1000    0.45    0.55    TRUE
214    21  1000    0.45    0.55    TRUE
215    22  1000    0.45    0.55    TRUE
216    23  1000    0.45    0.55    TRUE
217    24  1000    0.45    0.55    TRUE
218    25  1000    0.45    0.55    TRUE
219    26  1000    0.45    0.55    TRUE
220    27  1000    0.45    0.55    TRUE
221    28  1000    0.45    0.55    TRUE
222    29  1000    0.45    0.55    TRUE
223    30  1000    0.45    0.55    TRUE
224    31  1000    0.45    0.55    TRUE
225    32  1000    0.45    0.55    TRUE
226     8  1500    0.45    0.55    TRUE
227     9  1500    0.45    0.55    TRUE
228    10  1500    0.45    0.55    TRUE
229    11  1500    0.45    0.55    TRUE
230    12  1500    0.45    0.55    TRUE
231    13  1500    0.45    0.55    TRUE
232    14  1500    0.45    0.55    TRUE
233    15  1500    0.45    0.55    TRUE
234    16  1500    0.45    0.55    TRUE
235    17  1500    0.45    0.55    TRUE
236    18  1500    0.45    0.55    TRUE
237    19  1500    0.45    0.55    TRUE
238    20  1500    0.45    0.55    TRUE
239    21  1500    0.45    0.55    TRUE
240    22  1500    0.45    0.55    TRUE
241    23  1500    0.45    0.55    TRUE
242    24  1500    0.45    0.55    TRUE
243    25  1500    0.45    0.55    TRUE
244    26  1500    0.45    0.55    TRUE
245    27  1500    0.45    0.55    TRUE
246    28  1500    0.45    0.55    TRUE
247    29  1500    0.45    0.55    TRUE
248    30  1500    0.45    0.55    TRUE
249    31  1500    0.45    0.55    TRUE
250    32  1500    0.45    0.55    TRUE
251     8  2000    0.45    0.55    TRUE
252     9  2000    0.45    0.55    TRUE
253    10  2000    0.45    0.55    TRUE
254    11  2000    0.45    0.55    TRUE
255    12  2000    0.45    0.55    TRUE
256    13  2000    0.45    0.55    TRUE
257    14  2000    0.45    0.55    TRUE
258    15  2000    0.45    0.55    TRUE
259    16  2000    0.45    0.55    TRUE
260    17  2000    0.45    0.55    TRUE
261    18  2000    0.45    0.55    TRUE
262    19  2000    0.45    0.55    TRUE
263    20  2000    0.45    0.55    TRUE
264    21  2000    0.45    0.55    TRUE
265    22  2000    0.45    0.55    TRUE
266    23  2000    0.45    0.55    TRUE
267    24  2000    0.45    0.55    TRUE
268    25  2000    0.45    0.55    TRUE
269    26  2000    0.45    0.55    TRUE
270    27  2000    0.45    0.55    TRUE
271    28  2000    0.45    0.55    TRUE
272    29  2000    0.45    0.55    TRUE
273    30  2000    0.45    0.55    TRUE
274    31  2000    0.45    0.55    TRUE
275    32  2000    0.45    0.55    TRUE
276     8  3000    0.45    0.55    TRUE
277     9  3000    0.45    0.55    TRUE
278    10  3000    0.45    0.55    TRUE
279    11  3000    0.45    0.55    TRUE
280    12  3000    0.45    0.55    TRUE
281    13  3000    0.45    0.55    TRUE
282    14  3000    0.45    0.55    TRUE
283    15  3000    0.45    0.55    TRUE
284    16  3000    0.45    0.55    TRUE
285    17  3000    0.45    0.55    TRUE
286    18  3000    0.45    0.55    TRUE
287    19  3000    0.45    0.55    TRUE
288    20  3000    0.45    0.55    TRUE
289    21  3000    0.45    0.55    TRUE
290    22  3000    0.45    0.55    TRUE
291    23  3000    0.45    0.55    TRUE
292    24  3000    0.45    0.55    TRUE
293    25  3000    0.45    0.55    TRUE
294    26  3000    0.45    0.55    TRUE
295    27  3000    0.45    0.55    TRUE
296    28  3000    0.45    0.55    TRUE
297    29  3000    0.45    0.55    TRUE
298    30  3000    0.45    0.55    TRUE
299    31  3000    0.45    0.55    TRUE
300    32  3000    0.45    0.55    TRUE
301     8   300    0.40    0.60    TRUE
302     9   300    0.40    0.60    TRUE
303    10   300    0.40    0.60    TRUE
304    11   300    0.40    0.60    TRUE
305    12   300    0.40    0.60    TRUE
306    13   300    0.40    0.60    TRUE
307    14   300    0.40    0.60    TRUE
308    15   300    0.40    0.60    TRUE
309    16   300    0.40    0.60    TRUE
310    17   300    0.40    0.60    TRUE
311    18   300    0.40    0.60    TRUE
312    19   300    0.40    0.60    TRUE
313    20   300    0.40    0.60    TRUE
314    21   300    0.40    0.60    TRUE
315    22   300    0.40    0.60    TRUE
316    23   300    0.40    0.60    TRUE
317    24   300    0.40    0.60    TRUE
318    25   300    0.40    0.60    TRUE
319    26   300    0.40    0.60    TRUE
320    27   300    0.40    0.60    TRUE
321    28   300    0.40    0.60    TRUE
322    29   300    0.40    0.60    TRUE
323    30   300    0.40    0.60    TRUE
324    31   300    0.40    0.60    TRUE
325    32   300    0.40    0.60    TRUE
326     8   500    0.40    0.60    TRUE
327     9   500    0.40    0.60    TRUE
328    10   500    0.40    0.60    TRUE
329    11   500    0.40    0.60    TRUE
330    12   500    0.40    0.60    TRUE
331    13   500    0.40    0.60    TRUE
332    14   500    0.40    0.60    TRUE
333    15   500    0.40    0.60    TRUE
334    16   500    0.40    0.60    TRUE
335    17   500    0.40    0.60    TRUE
336    18   500    0.40    0.60    TRUE
337    19   500    0.40    0.60    TRUE
338    20   500    0.40    0.60    TRUE
339    21   500    0.40    0.60    TRUE
340    22   500    0.40    0.60    TRUE
341    23   500    0.40    0.60    TRUE
342    24   500    0.40    0.60    TRUE
343    25   500    0.40    0.60    TRUE
344    26   500    0.40    0.60    TRUE
345    27   500    0.40    0.60    TRUE
346    28   500    0.40    0.60    TRUE
347    29   500    0.40    0.60    TRUE
348    30   500    0.40    0.60    TRUE
349    31   500    0.40    0.60    TRUE
350    32   500    0.40    0.60    TRUE
351     8  1000    0.40    0.60    TRUE
352     9  1000    0.40    0.60    TRUE
353    10  1000    0.40    0.60    TRUE
354    11  1000    0.40    0.60    TRUE
355    12  1000    0.40    0.60    TRUE
356    13  1000    0.40    0.60    TRUE
357    14  1000    0.40    0.60    TRUE
358    15  1000    0.40    0.60    TRUE
359    16  1000    0.40    0.60    TRUE
360    17  1000    0.40    0.60    TRUE
361    18  1000    0.40    0.60    TRUE
362    19  1000    0.40    0.60    TRUE
363    20  1000    0.40    0.60    TRUE
364    21  1000    0.40    0.60    TRUE
365    22  1000    0.40    0.60    TRUE
366    23  1000    0.40    0.60    TRUE
367    24  1000    0.40    0.60    TRUE
368    25  1000    0.40    0.60    TRUE
369    26  1000    0.40    0.60    TRUE
370    27  1000    0.40    0.60    TRUE
371    28  1000    0.40    0.60    TRUE
372    29  1000    0.40    0.60    TRUE
373    30  1000    0.40    0.60    TRUE
374    31  1000    0.40    0.60    TRUE
375    32  1000    0.40    0.60    TRUE
376     8  1500    0.40    0.60    TRUE
377     9  1500    0.40    0.60    TRUE
378    10  1500    0.40    0.60    TRUE
379    11  1500    0.40    0.60    TRUE
380    12  1500    0.40    0.60    TRUE
381    13  1500    0.40    0.60    TRUE
382    14  1500    0.40    0.60    TRUE
383    15  1500    0.40    0.60    TRUE
384    16  1500    0.40    0.60    TRUE
385    17  1500    0.40    0.60    TRUE
386    18  1500    0.40    0.60    TRUE
387    19  1500    0.40    0.60    TRUE
388    20  1500    0.40    0.60    TRUE
389    21  1500    0.40    0.60    TRUE
390    22  1500    0.40    0.60    TRUE
391    23  1500    0.40    0.60    TRUE
392    24  1500    0.40    0.60    TRUE
393    25  1500    0.40    0.60    TRUE
394    26  1500    0.40    0.60    TRUE
395    27  1500    0.40    0.60    TRUE
396    28  1500    0.40    0.60    TRUE
397    29  1500    0.40    0.60    TRUE
398    30  1500    0.40    0.60    TRUE
399    31  1500    0.40    0.60    TRUE
400    32  1500    0.40    0.60    TRUE
401     8  2000    0.40    0.60    TRUE
402     9  2000    0.40    0.60    TRUE
403    10  2000    0.40    0.60    TRUE
404    11  2000    0.40    0.60    TRUE
405    12  2000    0.40    0.60    TRUE
406    13  2000    0.40    0.60    TRUE
407    14  2000    0.40    0.60    TRUE
408    15  2000    0.40    0.60    TRUE
409    16  2000    0.40    0.60    TRUE
410    17  2000    0.40    0.60    TRUE
411    18  2000    0.40    0.60    TRUE
412    19  2000    0.40    0.60    TRUE
413    20  2000    0.40    0.60    TRUE
414    21  2000    0.40    0.60    TRUE
415    22  2000    0.40    0.60    TRUE
416    23  2000    0.40    0.60    TRUE
417    24  2000    0.40    0.60    TRUE
418    25  2000    0.40    0.60    TRUE
419    26  2000    0.40    0.60    TRUE
420    27  2000    0.40    0.60    TRUE
421    28  2000    0.40    0.60    TRUE
422    29  2000    0.40    0.60    TRUE
423    30  2000    0.40    0.60    TRUE
424    31  2000    0.40    0.60    TRUE
425    32  2000    0.40    0.60    TRUE
426     8  3000    0.40    0.60    TRUE
427     9  3000    0.40    0.60    TRUE
428    10  3000    0.40    0.60    TRUE
429    11  3000    0.40    0.60    TRUE
430    12  3000    0.40    0.60    TRUE
431    13  3000    0.40    0.60    TRUE
432    14  3000    0.40    0.60    TRUE
433    15  3000    0.40    0.60    TRUE
434    16  3000    0.40    0.60    TRUE
435    17  3000    0.40    0.60    TRUE
436    18  3000    0.40    0.60    TRUE
437    19  3000    0.40    0.60    TRUE
438    20  3000    0.40    0.60    TRUE
439    21  3000    0.40    0.60    TRUE
440    22  3000    0.40    0.60    TRUE
441    23  3000    0.40    0.60    TRUE
442    24  3000    0.40    0.60    TRUE
443    25  3000    0.40    0.60    TRUE
444    26  3000    0.40    0.60    TRUE
445    27  3000    0.40    0.60    TRUE
446    28  3000    0.40    0.60    TRUE
447    29  3000    0.40    0.60    TRUE
448    30  3000    0.40    0.60    TRUE
449    31  3000    0.40    0.60    TRUE
450    32  3000    0.40    0.60    TRUE
451     8   300    0.35    0.65    TRUE
452     9   300    0.35    0.65    TRUE
453    10   300    0.35    0.65    TRUE
454    11   300    0.35    0.65    TRUE
455    12   300    0.35    0.65    TRUE
456    13   300    0.35    0.65    TRUE
457    14   300    0.35    0.65    TRUE
458    15   300    0.35    0.65    TRUE
459    16   300    0.35    0.65    TRUE
460    17   300    0.35    0.65    TRUE
461    18   300    0.35    0.65    TRUE
462    19   300    0.35    0.65    TRUE
463    20   300    0.35    0.65    TRUE
464    21   300    0.35    0.65    TRUE
465    22   300    0.35    0.65    TRUE
466    23   300    0.35    0.65    TRUE
467    24   300    0.35    0.65    TRUE
468    25   300    0.35    0.65    TRUE
469    26   300    0.35    0.65    TRUE
470    27   300    0.35    0.65    TRUE
471    28   300    0.35    0.65    TRUE
472    29   300    0.35    0.65    TRUE
473    30   300    0.35    0.65    TRUE
474    31   300    0.35    0.65    TRUE
475    32   300    0.35    0.65    TRUE
476     8   500    0.35    0.65    TRUE
477     9   500    0.35    0.65    TRUE
478    10   500    0.35    0.65    TRUE
479    11   500    0.35    0.65    TRUE
480    12   500    0.35    0.65    TRUE
481    13   500    0.35    0.65    TRUE
482    14   500    0.35    0.65    TRUE
483    15   500    0.35    0.65    TRUE
484    16   500    0.35    0.65    TRUE
485    17   500    0.35    0.65    TRUE
486    18   500    0.35    0.65    TRUE
487    19   500    0.35    0.65    TRUE
488    20   500    0.35    0.65    TRUE
489    21   500    0.35    0.65    TRUE
490    22   500    0.35    0.65    TRUE
491    23   500    0.35    0.65    TRUE
492    24   500    0.35    0.65    TRUE
493    25   500    0.35    0.65    TRUE
494    26   500    0.35    0.65    TRUE
495    27   500    0.35    0.65    TRUE
496    28   500    0.35    0.65    TRUE
497    29   500    0.35    0.65    TRUE
498    30   500    0.35    0.65    TRUE
499    31   500    0.35    0.65    TRUE
500    32   500    0.35    0.65    TRUE
501     8  1000    0.35    0.65    TRUE
502     9  1000    0.35    0.65    TRUE
503    10  1000    0.35    0.65    TRUE
504    11  1000    0.35    0.65    TRUE
505    12  1000    0.35    0.65    TRUE
506    13  1000    0.35    0.65    TRUE
507    14  1000    0.35    0.65    TRUE
508    15  1000    0.35    0.65    TRUE
509    16  1000    0.35    0.65    TRUE
510    17  1000    0.35    0.65    TRUE
511    18  1000    0.35    0.65    TRUE
512    19  1000    0.35    0.65    TRUE
513    20  1000    0.35    0.65    TRUE
514    21  1000    0.35    0.65    TRUE
515    22  1000    0.35    0.65    TRUE
516    23  1000    0.35    0.65    TRUE
517    24  1000    0.35    0.65    TRUE
518    25  1000    0.35    0.65    TRUE
519    26  1000    0.35    0.65    TRUE
520    27  1000    0.35    0.65    TRUE
521    28  1000    0.35    0.65    TRUE
522    29  1000    0.35    0.65    TRUE
523    30  1000    0.35    0.65    TRUE
524    31  1000    0.35    0.65    TRUE
525    32  1000    0.35    0.65    TRUE
526     8  1500    0.35    0.65    TRUE
527     9  1500    0.35    0.65    TRUE
528    10  1500    0.35    0.65    TRUE
529    11  1500    0.35    0.65    TRUE
530    12  1500    0.35    0.65    TRUE
531    13  1500    0.35    0.65    TRUE
532    14  1500    0.35    0.65    TRUE
533    15  1500    0.35    0.65    TRUE
534    16  1500    0.35    0.65    TRUE
535    17  1500    0.35    0.65    TRUE
536    18  1500    0.35    0.65    TRUE
537    19  1500    0.35    0.65    TRUE
538    20  1500    0.35    0.65    TRUE
539    21  1500    0.35    0.65    TRUE
540    22  1500    0.35    0.65    TRUE
541    23  1500    0.35    0.65    TRUE
542    24  1500    0.35    0.65    TRUE
543    25  1500    0.35    0.65    TRUE
544    26  1500    0.35    0.65    TRUE
545    27  1500    0.35    0.65    TRUE
546    28  1500    0.35    0.65    TRUE
547    29  1500    0.35    0.65    TRUE
548    30  1500    0.35    0.65    TRUE
549    31  1500    0.35    0.65    TRUE
550    32  1500    0.35    0.65    TRUE
551     8  2000    0.35    0.65    TRUE
552     9  2000    0.35    0.65    TRUE
553    10  2000    0.35    0.65    TRUE
554    11  2000    0.35    0.65    TRUE
555    12  2000    0.35    0.65    TRUE
556    13  2000    0.35    0.65    TRUE
557    14  2000    0.35    0.65    TRUE
558    15  2000    0.35    0.65    TRUE
559    16  2000    0.35    0.65    TRUE
560    17  2000    0.35    0.65    TRUE
561    18  2000    0.35    0.65    TRUE
562    19  2000    0.35    0.65    TRUE
563    20  2000    0.35    0.65    TRUE
564    21  2000    0.35    0.65    TRUE
565    22  2000    0.35    0.65    TRUE
566    23  2000    0.35    0.65    TRUE
567    24  2000    0.35    0.65    TRUE
568    25  2000    0.35    0.65    TRUE
569    26  2000    0.35    0.65    TRUE
570    27  2000    0.35    0.65    TRUE
571    28  2000    0.35    0.65    TRUE
572    29  2000    0.35    0.65    TRUE
573    30  2000    0.35    0.65    TRUE
574    31  2000    0.35    0.65    TRUE
575    32  2000    0.35    0.65    TRUE
576     8  3000    0.35    0.65    TRUE
577     9  3000    0.35    0.65    TRUE
578    10  3000    0.35    0.65    TRUE
579    11  3000    0.35    0.65    TRUE
580    12  3000    0.35    0.65    TRUE
581    13  3000    0.35    0.65    TRUE
582    14  3000    0.35    0.65    TRUE
583    15  3000    0.35    0.65    TRUE
584    16  3000    0.35    0.65    TRUE
585    17  3000    0.35    0.65    TRUE
586    18  3000    0.35    0.65    TRUE
587    19  3000    0.35    0.65    TRUE
588    20  3000    0.35    0.65    TRUE
589    21  3000    0.35    0.65    TRUE
590    22  3000    0.35    0.65    TRUE
591    23  3000    0.35    0.65    TRUE
592    24  3000    0.35    0.65    TRUE
593    25  3000    0.35    0.65    TRUE
594    26  3000    0.35    0.65    TRUE
595    27  3000    0.35    0.65    TRUE
596    28  3000    0.35    0.65    TRUE
597    29  3000    0.35    0.65    TRUE
598    30  3000    0.35    0.65    TRUE
599    31  3000    0.35    0.65    TRUE
600    32  3000    0.35    0.65    TRUE
601     8   300    0.30    0.70    TRUE
602     9   300    0.30    0.70    TRUE
603    10   300    0.30    0.70    TRUE
604    11   300    0.30    0.70    TRUE
605    12   300    0.30    0.70    TRUE
606    13   300    0.30    0.70    TRUE
607    14   300    0.30    0.70    TRUE
608    15   300    0.30    0.70    TRUE
609    16   300    0.30    0.70    TRUE
610    17   300    0.30    0.70    TRUE
611    18   300    0.30    0.70    TRUE
612    19   300    0.30    0.70    TRUE
613    20   300    0.30    0.70    TRUE
614    21   300    0.30    0.70    TRUE
615    22   300    0.30    0.70    TRUE
616    23   300    0.30    0.70    TRUE
617    24   300    0.30    0.70    TRUE
618    25   300    0.30    0.70    TRUE
619    26   300    0.30    0.70    TRUE
620    27   300    0.30    0.70    TRUE
621    28   300    0.30    0.70    TRUE
622    29   300    0.30    0.70    TRUE
623    30   300    0.30    0.70    TRUE
624    31   300    0.30    0.70    TRUE
625    32   300    0.30    0.70    TRUE
626     8   500    0.30    0.70    TRUE
627     9   500    0.30    0.70    TRUE
628    10   500    0.30    0.70    TRUE
629    11   500    0.30    0.70    TRUE
630    12   500    0.30    0.70    TRUE
631    13   500    0.30    0.70    TRUE
632    14   500    0.30    0.70    TRUE
633    15   500    0.30    0.70    TRUE
634    16   500    0.30    0.70    TRUE
635    17   500    0.30    0.70    TRUE
636    18   500    0.30    0.70    TRUE
637    19   500    0.30    0.70    TRUE
638    20   500    0.30    0.70    TRUE
639    21   500    0.30    0.70    TRUE
640    22   500    0.30    0.70    TRUE
641    23   500    0.30    0.70    TRUE
642    24   500    0.30    0.70    TRUE
643    25   500    0.30    0.70    TRUE
644    26   500    0.30    0.70    TRUE
645    27   500    0.30    0.70    TRUE
646    28   500    0.30    0.70    TRUE
647    29   500    0.30    0.70    TRUE
648    30   500    0.30    0.70    TRUE
649    31   500    0.30    0.70    TRUE
650    32   500    0.30    0.70    TRUE
651     8  1000    0.30    0.70    TRUE
652     9  1000    0.30    0.70    TRUE
653    10  1000    0.30    0.70    TRUE
654    11  1000    0.30    0.70    TRUE
655    12  1000    0.30    0.70    TRUE
656    13  1000    0.30    0.70    TRUE
657    14  1000    0.30    0.70    TRUE
658    15  1000    0.30    0.70    TRUE
659    16  1000    0.30    0.70    TRUE
660    17  1000    0.30    0.70    TRUE
661    18  1000    0.30    0.70    TRUE
662    19  1000    0.30    0.70    TRUE
663    20  1000    0.30    0.70    TRUE
664    21  1000    0.30    0.70    TRUE
665    22  1000    0.30    0.70    TRUE
666    23  1000    0.30    0.70    TRUE
667    24  1000    0.30    0.70    TRUE
668    25  1000    0.30    0.70    TRUE
669    26  1000    0.30    0.70    TRUE
670    27  1000    0.30    0.70    TRUE
671    28  1000    0.30    0.70    TRUE
672    29  1000    0.30    0.70    TRUE
673    30  1000    0.30    0.70    TRUE
674    31  1000    0.30    0.70    TRUE
675    32  1000    0.30    0.70    TRUE
676     8  1500    0.30    0.70    TRUE
677     9  1500    0.30    0.70    TRUE
678    10  1500    0.30    0.70    TRUE
679    11  1500    0.30    0.70    TRUE
680    12  1500    0.30    0.70    TRUE
681    13  1500    0.30    0.70    TRUE
682    14  1500    0.30    0.70    TRUE
683    15  1500    0.30    0.70    TRUE
684    16  1500    0.30    0.70    TRUE
685    17  1500    0.30    0.70    TRUE
686    18  1500    0.30    0.70    TRUE
687    19  1500    0.30    0.70    TRUE
688    20  1500    0.30    0.70    TRUE
689    21  1500    0.30    0.70    TRUE
690    22  1500    0.30    0.70    TRUE
691    23  1500    0.30    0.70    TRUE
692    24  1500    0.30    0.70    TRUE
693    25  1500    0.30    0.70    TRUE
694    26  1500    0.30    0.70    TRUE
695    27  1500    0.30    0.70    TRUE
696    28  1500    0.30    0.70    TRUE
697    29  1500    0.30    0.70    TRUE
698    30  1500    0.30    0.70    TRUE
699    31  1500    0.30    0.70    TRUE
700    32  1500    0.30    0.70    TRUE
701     8  2000    0.30    0.70    TRUE
702     9  2000    0.30    0.70    TRUE
703    10  2000    0.30    0.70    TRUE
704    11  2000    0.30    0.70    TRUE
705    12  2000    0.30    0.70    TRUE
706    13  2000    0.30    0.70    TRUE
707    14  2000    0.30    0.70    TRUE
708    15  2000    0.30    0.70    TRUE
709    16  2000    0.30    0.70    TRUE
710    17  2000    0.30    0.70    TRUE
711    18  2000    0.30    0.70    TRUE
712    19  2000    0.30    0.70    TRUE
713    20  2000    0.30    0.70    TRUE
714    21  2000    0.30    0.70    TRUE
715    22  2000    0.30    0.70    TRUE
716    23  2000    0.30    0.70    TRUE
717    24  2000    0.30    0.70    TRUE
718    25  2000    0.30    0.70    TRUE
719    26  2000    0.30    0.70    TRUE
720    27  2000    0.30    0.70    TRUE
721    28  2000    0.30    0.70    TRUE
722    29  2000    0.30    0.70    TRUE
723    30  2000    0.30    0.70    TRUE
724    31  2000    0.30    0.70    TRUE
725    32  2000    0.30    0.70    TRUE
726     8  3000    0.30    0.70    TRUE
727     9  3000    0.30    0.70    TRUE
728    10  3000    0.30    0.70    TRUE
729    11  3000    0.30    0.70    TRUE
730    12  3000    0.30    0.70    TRUE
731    13  3000    0.30    0.70    TRUE
732    14  3000    0.30    0.70    TRUE
733    15  3000    0.30    0.70    TRUE
734    16  3000    0.30    0.70    TRUE
735    17  3000    0.30    0.70    TRUE
736    18  3000    0.30    0.70    TRUE
737    19  3000    0.30    0.70    TRUE
738    20  3000    0.30    0.70    TRUE
739    21  3000    0.30    0.70    TRUE
740    22  3000    0.30    0.70    TRUE
741    23  3000    0.30    0.70    TRUE
742    24  3000    0.30    0.70    TRUE
743    25  3000    0.30    0.70    TRUE
744    26  3000    0.30    0.70    TRUE
745    27  3000    0.30    0.70    TRUE
746    28  3000    0.30    0.70    TRUE
747    29  3000    0.30    0.70    TRUE
748    30  3000    0.30    0.70    TRUE
749    31  3000    0.30    0.70    TRUE
750    32  3000    0.30    0.70    TRUE
751     8   300    0.25    0.75    TRUE
752     9   300    0.25    0.75    TRUE
753    10   300    0.25    0.75    TRUE
754    11   300    0.25    0.75    TRUE
755    12   300    0.25    0.75    TRUE
756    13   300    0.25    0.75    TRUE
757    14   300    0.25    0.75    TRUE
758    15   300    0.25    0.75    TRUE
759    16   300    0.25    0.75    TRUE
760    17   300    0.25    0.75    TRUE
761    18   300    0.25    0.75    TRUE
762    19   300    0.25    0.75    TRUE
763    20   300    0.25    0.75    TRUE
764    21   300    0.25    0.75    TRUE
765    22   300    0.25    0.75    TRUE
766    23   300    0.25    0.75    TRUE
767    24   300    0.25    0.75    TRUE
768    25   300    0.25    0.75    TRUE
769    26   300    0.25    0.75    TRUE
770    27   300    0.25    0.75    TRUE
771    28   300    0.25    0.75    TRUE
772    29   300    0.25    0.75    TRUE
773    30   300    0.25    0.75    TRUE
774    31   300    0.25    0.75    TRUE
775    32   300    0.25    0.75    TRUE
776     8   500    0.25    0.75    TRUE
777     9   500    0.25    0.75    TRUE
778    10   500    0.25    0.75    TRUE
779    11   500    0.25    0.75    TRUE
780    12   500    0.25    0.75    TRUE
781    13   500    0.25    0.75    TRUE
782    14   500    0.25    0.75    TRUE
783    15   500    0.25    0.75    TRUE
784    16   500    0.25    0.75    TRUE
785    17   500    0.25    0.75    TRUE
786    18   500    0.25    0.75    TRUE
787    19   500    0.25    0.75    TRUE
788    20   500    0.25    0.75    TRUE
789    21   500    0.25    0.75    TRUE
790    22   500    0.25    0.75    TRUE
791    23   500    0.25    0.75    TRUE
792    24   500    0.25    0.75    TRUE
793    25   500    0.25    0.75    TRUE
794    26   500    0.25    0.75    TRUE
795    27   500    0.25    0.75    TRUE
796    28   500    0.25    0.75    TRUE
797    29   500    0.25    0.75    TRUE
798    30   500    0.25    0.75    TRUE
799    31   500    0.25    0.75    TRUE
800    32   500    0.25    0.75    TRUE
801     8  1000    0.25    0.75    TRUE
802     9  1000    0.25    0.75    TRUE
803    10  1000    0.25    0.75    TRUE
804    11  1000    0.25    0.75    TRUE
805    12  1000    0.25    0.75    TRUE
806    13  1000    0.25    0.75    TRUE
807    14  1000    0.25    0.75    TRUE
808    15  1000    0.25    0.75    TRUE
809    16  1000    0.25    0.75    TRUE
810    17  1000    0.25    0.75    TRUE
811    18  1000    0.25    0.75    TRUE
812    19  1000    0.25    0.75    TRUE
813    20  1000    0.25    0.75    TRUE
814    21  1000    0.25    0.75    TRUE
815    22  1000    0.25    0.75    TRUE
816    23  1000    0.25    0.75    TRUE
817    24  1000    0.25    0.75    TRUE
818    25  1000    0.25    0.75    TRUE
819    26  1000    0.25    0.75    TRUE
820    27  1000    0.25    0.75    TRUE
821    28  1000    0.25    0.75    TRUE
822    29  1000    0.25    0.75    TRUE
823    30  1000    0.25    0.75    TRUE
824    31  1000    0.25    0.75    TRUE
825    32  1000    0.25    0.75    TRUE
826     8  1500    0.25    0.75    TRUE
827     9  1500    0.25    0.75    TRUE
828    10  1500    0.25    0.75    TRUE
829    11  1500    0.25    0.75    TRUE
830    12  1500    0.25    0.75    TRUE
831    13  1500    0.25    0.75    TRUE
832    14  1500    0.25    0.75    TRUE
833    15  1500    0.25    0.75    TRUE
834    16  1500    0.25    0.75    TRUE
835    17  1500    0.25    0.75    TRUE
836    18  1500    0.25    0.75    TRUE
837    19  1500    0.25    0.75    TRUE
838    20  1500    0.25    0.75    TRUE
839    21  1500    0.25    0.75    TRUE
840    22  1500    0.25    0.75    TRUE
841    23  1500    0.25    0.75    TRUE
842    24  1500    0.25    0.75    TRUE
843    25  1500    0.25    0.75    TRUE
844    26  1500    0.25    0.75    TRUE
845    27  1500    0.25    0.75    TRUE
846    28  1500    0.25    0.75    TRUE
847    29  1500    0.25    0.75    TRUE
848    30  1500    0.25    0.75    TRUE
849    31  1500    0.25    0.75    TRUE
850    32  1500    0.25    0.75    TRUE
851     8  2000    0.25    0.75    TRUE
852     9  2000    0.25    0.75    TRUE
853    10  2000    0.25    0.75    TRUE
854    11  2000    0.25    0.75    TRUE
855    12  2000    0.25    0.75    TRUE
856    13  2000    0.25    0.75    TRUE
857    14  2000    0.25    0.75    TRUE
858    15  2000    0.25    0.75    TRUE
859    16  2000    0.25    0.75    TRUE
860    17  2000    0.25    0.75    TRUE
861    18  2000    0.25    0.75    TRUE
862    19  2000    0.25    0.75    TRUE
863    20  2000    0.25    0.75    TRUE
864    21  2000    0.25    0.75    TRUE
865    22  2000    0.25    0.75    TRUE
866    23  2000    0.25    0.75    TRUE
867    24  2000    0.25    0.75    TRUE
868    25  2000    0.25    0.75    TRUE
869    26  2000    0.25    0.75    TRUE
870    27  2000    0.25    0.75    TRUE
871    28  2000    0.25    0.75    TRUE
872    29  2000    0.25    0.75    TRUE
873    30  2000    0.25    0.75    TRUE
874    31  2000    0.25    0.75    TRUE
875    32  2000    0.25    0.75    TRUE
876     8  3000    0.25    0.75    TRUE
877     9  3000    0.25    0.75    TRUE
878    10  3000    0.25    0.75    TRUE
879    11  3000    0.25    0.75    TRUE
880    12  3000    0.25    0.75    TRUE
881    13  3000    0.25    0.75    TRUE
882    14  3000    0.25    0.75    TRUE
883    15  3000    0.25    0.75    TRUE
884    16  3000    0.25    0.75    TRUE
885    17  3000    0.25    0.75    TRUE
886    18  3000    0.25    0.75    TRUE
887    19  3000    0.25    0.75    TRUE
888    20  3000    0.25    0.75    TRUE
889    21  3000    0.25    0.75    TRUE
890    22  3000    0.25    0.75    TRUE
891    23  3000    0.25    0.75    TRUE
892    24  3000    0.25    0.75    TRUE
893    25  3000    0.25    0.75    TRUE
894    26  3000    0.25    0.75    TRUE
895    27  3000    0.25    0.75    TRUE
896    28  3000    0.25    0.75    TRUE
897    29  3000    0.25    0.75    TRUE
898    30  3000    0.25    0.75    TRUE
899    31  3000    0.25    0.75    TRUE
900    32  3000    0.25    0.75    TRUE
901     8   300    0.20    0.80    TRUE
902     9   300    0.20    0.80    TRUE
903    10   300    0.20    0.80    TRUE
904    11   300    0.20    0.80    TRUE
905    12   300    0.20    0.80    TRUE
906    13   300    0.20    0.80    TRUE
907    14   300    0.20    0.80    TRUE
908    15   300    0.20    0.80    TRUE
909    16   300    0.20    0.80    TRUE
910    17   300    0.20    0.80    TRUE
911    18   300    0.20    0.80    TRUE
912    19   300    0.20    0.80    TRUE
913    20   300    0.20    0.80    TRUE
914    21   300    0.20    0.80    TRUE
915    22   300    0.20    0.80    TRUE
916    23   300    0.20    0.80    TRUE
917    24   300    0.20    0.80    TRUE
918    25   300    0.20    0.80    TRUE
919    26   300    0.20    0.80    TRUE
920    27   300    0.20    0.80    TRUE
921    28   300    0.20    0.80    TRUE
922    29   300    0.20    0.80    TRUE
923    30   300    0.20    0.80    TRUE
924    31   300    0.20    0.80    TRUE
925    32   300    0.20    0.80    TRUE
926     8   500    0.20    0.80    TRUE
927     9   500    0.20    0.80    TRUE
928    10   500    0.20    0.80    TRUE
929    11   500    0.20    0.80    TRUE
930    12   500    0.20    0.80    TRUE
931    13   500    0.20    0.80    TRUE
932    14   500    0.20    0.80    TRUE
933    15   500    0.20    0.80    TRUE
934    16   500    0.20    0.80    TRUE
935    17   500    0.20    0.80    TRUE
936    18   500    0.20    0.80    TRUE
937    19   500    0.20    0.80    TRUE
938    20   500    0.20    0.80    TRUE
939    21   500    0.20    0.80    TRUE
940    22   500    0.20    0.80    TRUE
941    23   500    0.20    0.80    TRUE
942    24   500    0.20    0.80    TRUE
943    25   500    0.20    0.80    TRUE
944    26   500    0.20    0.80    TRUE
945    27   500    0.20    0.80    TRUE
946    28   500    0.20    0.80    TRUE
947    29   500    0.20    0.80    TRUE
948    30   500    0.20    0.80    TRUE
949    31   500    0.20    0.80    TRUE
950    32   500    0.20    0.80    TRUE
951     8  1000    0.20    0.80    TRUE
952     9  1000    0.20    0.80    TRUE
953    10  1000    0.20    0.80    TRUE
954    11  1000    0.20    0.80    TRUE
955    12  1000    0.20    0.80    TRUE
956    13  1000    0.20    0.80    TRUE
957    14  1000    0.20    0.80    TRUE
958    15  1000    0.20    0.80    TRUE
959    16  1000    0.20    0.80    TRUE
960    17  1000    0.20    0.80    TRUE
961    18  1000    0.20    0.80    TRUE
962    19  1000    0.20    0.80    TRUE
963    20  1000    0.20    0.80    TRUE
964    21  1000    0.20    0.80    TRUE
965    22  1000    0.20    0.80    TRUE
966    23  1000    0.20    0.80    TRUE
967    24  1000    0.20    0.80    TRUE
968    25  1000    0.20    0.80    TRUE
969    26  1000    0.20    0.80    TRUE
970    27  1000    0.20    0.80    TRUE
971    28  1000    0.20    0.80    TRUE
972    29  1000    0.20    0.80    TRUE
973    30  1000    0.20    0.80    TRUE
974    31  1000    0.20    0.80    TRUE
975    32  1000    0.20    0.80    TRUE
976     8  1500    0.20    0.80    TRUE
977     9  1500    0.20    0.80    TRUE
978    10  1500    0.20    0.80    TRUE
979    11  1500    0.20    0.80    TRUE
980    12  1500    0.20    0.80    TRUE
981    13  1500    0.20    0.80    TRUE
982    14  1500    0.20    0.80    TRUE
983    15  1500    0.20    0.80    TRUE
984    16  1500    0.20    0.80    TRUE
985    17  1500    0.20    0.80    TRUE
986    18  1500    0.20    0.80    TRUE
987    19  1500    0.20    0.80    TRUE
988    20  1500    0.20    0.80    TRUE
989    21  1500    0.20    0.80    TRUE
990    22  1500    0.20    0.80    TRUE
991    23  1500    0.20    0.80    TRUE
992    24  1500    0.20    0.80    TRUE
993    25  1500    0.20    0.80    TRUE
994    26  1500    0.20    0.80    TRUE
995    27  1500    0.20    0.80    TRUE
996    28  1500    0.20    0.80    TRUE
997    29  1500    0.20    0.80    TRUE
998    30  1500    0.20    0.80    TRUE
999    31  1500    0.20    0.80    TRUE
1000   32  1500    0.20    0.80    TRUE
1001    8  2000    0.20    0.80    TRUE
1002    9  2000    0.20    0.80    TRUE
1003   10  2000    0.20    0.80    TRUE
1004   11  2000    0.20    0.80    TRUE
1005   12  2000    0.20    0.80    TRUE
1006   13  2000    0.20    0.80    TRUE
1007   14  2000    0.20    0.80    TRUE
1008   15  2000    0.20    0.80    TRUE
1009   16  2000    0.20    0.80    TRUE
1010   17  2000    0.20    0.80    TRUE
1011   18  2000    0.20    0.80    TRUE
1012   19  2000    0.20    0.80    TRUE
1013   20  2000    0.20    0.80    TRUE
1014   21  2000    0.20    0.80    TRUE
1015   22  2000    0.20    0.80    TRUE
1016   23  2000    0.20    0.80    TRUE
1017   24  2000    0.20    0.80    TRUE
1018   25  2000    0.20    0.80    TRUE
1019   26  2000    0.20    0.80    TRUE
1020   27  2000    0.20    0.80    TRUE
1021   28  2000    0.20    0.80    TRUE
1022   29  2000    0.20    0.80    TRUE
1023   30  2000    0.20    0.80    TRUE
1024   31  2000    0.20    0.80    TRUE
1025   32  2000    0.20    0.80    TRUE
1026    8  3000    0.20    0.80    TRUE
1027    9  3000    0.20    0.80    TRUE
1028   10  3000    0.20    0.80    TRUE
1029   11  3000    0.20    0.80    TRUE
1030   12  3000    0.20    0.80    TRUE
1031   13  3000    0.20    0.80    TRUE
1032   14  3000    0.20    0.80    TRUE
1033   15  3000    0.20    0.80    TRUE
1034   16  3000    0.20    0.80    TRUE
1035   17  3000    0.20    0.80    TRUE
1036   18  3000    0.20    0.80    TRUE
1037   19  3000    0.20    0.80    TRUE
1038   20  3000    0.20    0.80    TRUE
1039   21  3000    0.20    0.80    TRUE
1040   22  3000    0.20    0.80    TRUE
1041   23  3000    0.20    0.80    TRUE
1042   24  3000    0.20    0.80    TRUE
1043   25  3000    0.20    0.80    TRUE
1044   26  3000    0.20    0.80    TRUE
1045   27  3000    0.20    0.80    TRUE
1046   28  3000    0.20    0.80    TRUE
1047   29  3000    0.20    0.80    TRUE
1048   30  3000    0.20    0.80    TRUE
1049   31  3000    0.20    0.80    TRUE
1050   32  3000    0.20    0.80    TRUE
1051    8   300    0.15    0.85    TRUE
1052    9   300    0.15    0.85    TRUE
1053   10   300    0.15    0.85    TRUE
1054   11   300    0.15    0.85    TRUE
1055   12   300    0.15    0.85    TRUE
1056   13   300    0.15    0.85    TRUE
1057   14   300    0.15    0.85    TRUE
1058   15   300    0.15    0.85    TRUE
1059   16   300    0.15    0.85    TRUE
1060   17   300    0.15    0.85    TRUE
1061   18   300    0.15    0.85    TRUE
1062   19   300    0.15    0.85    TRUE
1063   20   300    0.15    0.85    TRUE
1064   21   300    0.15    0.85    TRUE
1065   22   300    0.15    0.85    TRUE
1066   23   300    0.15    0.85    TRUE
1067   24   300    0.15    0.85    TRUE
1068   25   300    0.15    0.85    TRUE
1069   26   300    0.15    0.85    TRUE
1070   27   300    0.15    0.85    TRUE
1071   28   300    0.15    0.85    TRUE
1072   29   300    0.15    0.85    TRUE
1073   30   300    0.15    0.85    TRUE
1074   31   300    0.15    0.85    TRUE
1075   32   300    0.15    0.85    TRUE
1076    8   500    0.15    0.85    TRUE
1077    9   500    0.15    0.85    TRUE
1078   10   500    0.15    0.85    TRUE
1079   11   500    0.15    0.85    TRUE
1080   12   500    0.15    0.85    TRUE
1081   13   500    0.15    0.85    TRUE
1082   14   500    0.15    0.85    TRUE
1083   15   500    0.15    0.85    TRUE
1084   16   500    0.15    0.85    TRUE
1085   17   500    0.15    0.85    TRUE
1086   18   500    0.15    0.85    TRUE
1087   19   500    0.15    0.85    TRUE
1088   20   500    0.15    0.85    TRUE
1089   21   500    0.15    0.85    TRUE
1090   22   500    0.15    0.85    TRUE
1091   23   500    0.15    0.85    TRUE
1092   24   500    0.15    0.85    TRUE
1093   25   500    0.15    0.85    TRUE
1094   26   500    0.15    0.85    TRUE
1095   27   500    0.15    0.85    TRUE
1096   28   500    0.15    0.85    TRUE
1097   29   500    0.15    0.85    TRUE
1098   30   500    0.15    0.85    TRUE
1099   31   500    0.15    0.85    TRUE
1100   32   500    0.15    0.85    TRUE
1101    8  1000    0.15    0.85    TRUE
1102    9  1000    0.15    0.85    TRUE
1103   10  1000    0.15    0.85    TRUE
1104   11  1000    0.15    0.85    TRUE
1105   12  1000    0.15    0.85    TRUE
1106   13  1000    0.15    0.85    TRUE
1107   14  1000    0.15    0.85    TRUE
1108   15  1000    0.15    0.85    TRUE
1109   16  1000    0.15    0.85    TRUE
1110   17  1000    0.15    0.85    TRUE
1111   18  1000    0.15    0.85    TRUE
1112   19  1000    0.15    0.85    TRUE
1113   20  1000    0.15    0.85    TRUE
1114   21  1000    0.15    0.85    TRUE
1115   22  1000    0.15    0.85    TRUE
1116   23  1000    0.15    0.85    TRUE
1117   24  1000    0.15    0.85    TRUE
1118   25  1000    0.15    0.85    TRUE
1119   26  1000    0.15    0.85    TRUE
1120   27  1000    0.15    0.85    TRUE
1121   28  1000    0.15    0.85    TRUE
1122   29  1000    0.15    0.85    TRUE
1123   30  1000    0.15    0.85    TRUE
1124   31  1000    0.15    0.85    TRUE
1125   32  1000    0.15    0.85    TRUE
1126    8  1500    0.15    0.85    TRUE
1127    9  1500    0.15    0.85    TRUE
1128   10  1500    0.15    0.85    TRUE
1129   11  1500    0.15    0.85    TRUE
1130   12  1500    0.15    0.85    TRUE
1131   13  1500    0.15    0.85    TRUE
1132   14  1500    0.15    0.85    TRUE
1133   15  1500    0.15    0.85    TRUE
1134   16  1500    0.15    0.85    TRUE
1135   17  1500    0.15    0.85    TRUE
1136   18  1500    0.15    0.85    TRUE
1137   19  1500    0.15    0.85    TRUE
1138   20  1500    0.15    0.85    TRUE
1139   21  1500    0.15    0.85    TRUE
1140   22  1500    0.15    0.85    TRUE
1141   23  1500    0.15    0.85    TRUE
1142   24  1500    0.15    0.85    TRUE
1143   25  1500    0.15    0.85    TRUE
1144   26  1500    0.15    0.85    TRUE
1145   27  1500    0.15    0.85    TRUE
1146   28  1500    0.15    0.85    TRUE
1147   29  1500    0.15    0.85    TRUE
1148   30  1500    0.15    0.85    TRUE
1149   31  1500    0.15    0.85    TRUE
1150   32  1500    0.15    0.85    TRUE
1151    8  2000    0.15    0.85    TRUE
1152    9  2000    0.15    0.85    TRUE
1153   10  2000    0.15    0.85    TRUE
1154   11  2000    0.15    0.85    TRUE
1155   12  2000    0.15    0.85    TRUE
1156   13  2000    0.15    0.85    TRUE
1157   14  2000    0.15    0.85    TRUE
1158   15  2000    0.15    0.85    TRUE
1159   16  2000    0.15    0.85    TRUE
1160   17  2000    0.15    0.85    TRUE
1161   18  2000    0.15    0.85    TRUE
1162   19  2000    0.15    0.85    TRUE
1163   20  2000    0.15    0.85    TRUE
1164   21  2000    0.15    0.85    TRUE
1165   22  2000    0.15    0.85    TRUE
1166   23  2000    0.15    0.85    TRUE
1167   24  2000    0.15    0.85    TRUE
1168   25  2000    0.15    0.85    TRUE
1169   26  2000    0.15    0.85    TRUE
1170   27  2000    0.15    0.85    TRUE
1171   28  2000    0.15    0.85    TRUE
1172   29  2000    0.15    0.85    TRUE
1173   30  2000    0.15    0.85    TRUE
1174   31  2000    0.15    0.85    TRUE
1175   32  2000    0.15    0.85    TRUE
1176    8  3000    0.15    0.85    TRUE
1177    9  3000    0.15    0.85    TRUE
1178   10  3000    0.15    0.85    TRUE
1179   11  3000    0.15    0.85    TRUE
1180   12  3000    0.15    0.85    TRUE
1181   13  3000    0.15    0.85    TRUE
1182   14  3000    0.15    0.85    TRUE
1183   15  3000    0.15    0.85    TRUE
1184   16  3000    0.15    0.85    TRUE
1185   17  3000    0.15    0.85    TRUE
1186   18  3000    0.15    0.85    TRUE
1187   19  3000    0.15    0.85    TRUE
1188   20  3000    0.15    0.85    TRUE
1189   21  3000    0.15    0.85    TRUE
1190   22  3000    0.15    0.85    TRUE
1191   23  3000    0.15    0.85    TRUE
1192   24  3000    0.15    0.85    TRUE
1193   25  3000    0.15    0.85    TRUE
1194   26  3000    0.15    0.85    TRUE
1195   27  3000    0.15    0.85    TRUE
1196   28  3000    0.15    0.85    TRUE
1197   29  3000    0.15    0.85    TRUE
1198   30  3000    0.15    0.85    TRUE
1199   31  3000    0.15    0.85    TRUE
1200   32  3000    0.15    0.85    TRUE
1201    8   300    0.50    0.50   FALSE
1202    9   300    0.50    0.50   FALSE
1203   10   300    0.50    0.50   FALSE
1204   11   300    0.50    0.50   FALSE
1205   12   300    0.50    0.50   FALSE
1206   13   300    0.50    0.50   FALSE
1207   14   300    0.50    0.50   FALSE
1208   15   300    0.50    0.50   FALSE
1209   16   300    0.50    0.50   FALSE
1210   17   300    0.50    0.50   FALSE
1211   18   300    0.50    0.50   FALSE
1212   19   300    0.50    0.50   FALSE
1213   20   300    0.50    0.50   FALSE
1214   21   300    0.50    0.50   FALSE
1215   22   300    0.50    0.50   FALSE
1216   23   300    0.50    0.50   FALSE
1217   24   300    0.50    0.50   FALSE
1218   25   300    0.50    0.50   FALSE
1219   26   300    0.50    0.50   FALSE
1220   27   300    0.50    0.50   FALSE
1221   28   300    0.50    0.50   FALSE
1222   29   300    0.50    0.50   FALSE
1223   30   300    0.50    0.50   FALSE
1224   31   300    0.50    0.50   FALSE
1225   32   300    0.50    0.50   FALSE
1226    8   500    0.50    0.50   FALSE
1227    9   500    0.50    0.50   FALSE
1228   10   500    0.50    0.50   FALSE
1229   11   500    0.50    0.50   FALSE
1230   12   500    0.50    0.50   FALSE
1231   13   500    0.50    0.50   FALSE
1232   14   500    0.50    0.50   FALSE
1233   15   500    0.50    0.50   FALSE
1234   16   500    0.50    0.50   FALSE
1235   17   500    0.50    0.50   FALSE
1236   18   500    0.50    0.50   FALSE
1237   19   500    0.50    0.50   FALSE
1238   20   500    0.50    0.50   FALSE
1239   21   500    0.50    0.50   FALSE
1240   22   500    0.50    0.50   FALSE
1241   23   500    0.50    0.50   FALSE
1242   24   500    0.50    0.50   FALSE
1243   25   500    0.50    0.50   FALSE
1244   26   500    0.50    0.50   FALSE
1245   27   500    0.50    0.50   FALSE
1246   28   500    0.50    0.50   FALSE
1247   29   500    0.50    0.50   FALSE
1248   30   500    0.50    0.50   FALSE
1249   31   500    0.50    0.50   FALSE
1250   32   500    0.50    0.50   FALSE
1251    8  1000    0.50    0.50   FALSE
1252    9  1000    0.50    0.50   FALSE
1253   10  1000    0.50    0.50   FALSE
1254   11  1000    0.50    0.50   FALSE
1255   12  1000    0.50    0.50   FALSE
1256   13  1000    0.50    0.50   FALSE
1257   14  1000    0.50    0.50   FALSE
1258   15  1000    0.50    0.50   FALSE
1259   16  1000    0.50    0.50   FALSE
1260   17  1000    0.50    0.50   FALSE
1261   18  1000    0.50    0.50   FALSE
1262   19  1000    0.50    0.50   FALSE
1263   20  1000    0.50    0.50   FALSE
1264   21  1000    0.50    0.50   FALSE
1265   22  1000    0.50    0.50   FALSE
1266   23  1000    0.50    0.50   FALSE
1267   24  1000    0.50    0.50   FALSE
1268   25  1000    0.50    0.50   FALSE
1269   26  1000    0.50    0.50   FALSE
1270   27  1000    0.50    0.50   FALSE
1271   28  1000    0.50    0.50   FALSE
1272   29  1000    0.50    0.50   FALSE
1273   30  1000    0.50    0.50   FALSE
1274   31  1000    0.50    0.50   FALSE
1275   32  1000    0.50    0.50   FALSE
1276    8  1500    0.50    0.50   FALSE
1277    9  1500    0.50    0.50   FALSE
1278   10  1500    0.50    0.50   FALSE
1279   11  1500    0.50    0.50   FALSE
1280   12  1500    0.50    0.50   FALSE
1281   13  1500    0.50    0.50   FALSE
1282   14  1500    0.50    0.50   FALSE
1283   15  1500    0.50    0.50   FALSE
1284   16  1500    0.50    0.50   FALSE
1285   17  1500    0.50    0.50   FALSE
1286   18  1500    0.50    0.50   FALSE
1287   19  1500    0.50    0.50   FALSE
1288   20  1500    0.50    0.50   FALSE
1289   21  1500    0.50    0.50   FALSE
1290   22  1500    0.50    0.50   FALSE
1291   23  1500    0.50    0.50   FALSE
1292   24  1500    0.50    0.50   FALSE
1293   25  1500    0.50    0.50   FALSE
1294   26  1500    0.50    0.50   FALSE
1295   27  1500    0.50    0.50   FALSE
1296   28  1500    0.50    0.50   FALSE
1297   29  1500    0.50    0.50   FALSE
1298   30  1500    0.50    0.50   FALSE
1299   31  1500    0.50    0.50   FALSE
1300   32  1500    0.50    0.50   FALSE
1301    8  2000    0.50    0.50   FALSE
1302    9  2000    0.50    0.50   FALSE
1303   10  2000    0.50    0.50   FALSE
1304   11  2000    0.50    0.50   FALSE
1305   12  2000    0.50    0.50   FALSE
1306   13  2000    0.50    0.50   FALSE
1307   14  2000    0.50    0.50   FALSE
1308   15  2000    0.50    0.50   FALSE
1309   16  2000    0.50    0.50   FALSE
1310   17  2000    0.50    0.50   FALSE
1311   18  2000    0.50    0.50   FALSE
1312   19  2000    0.50    0.50   FALSE
1313   20  2000    0.50    0.50   FALSE
1314   21  2000    0.50    0.50   FALSE
1315   22  2000    0.50    0.50   FALSE
1316   23  2000    0.50    0.50   FALSE
1317   24  2000    0.50    0.50   FALSE
1318   25  2000    0.50    0.50   FALSE
1319   26  2000    0.50    0.50   FALSE
1320   27  2000    0.50    0.50   FALSE
1321   28  2000    0.50    0.50   FALSE
1322   29  2000    0.50    0.50   FALSE
1323   30  2000    0.50    0.50   FALSE
1324   31  2000    0.50    0.50   FALSE
1325   32  2000    0.50    0.50   FALSE
1326    8  3000    0.50    0.50   FALSE
1327    9  3000    0.50    0.50   FALSE
1328   10  3000    0.50    0.50   FALSE
1329   11  3000    0.50    0.50   FALSE
1330   12  3000    0.50    0.50   FALSE
1331   13  3000    0.50    0.50   FALSE
1332   14  3000    0.50    0.50   FALSE
1333   15  3000    0.50    0.50   FALSE
1334   16  3000    0.50    0.50   FALSE
1335   17  3000    0.50    0.50   FALSE
1336   18  3000    0.50    0.50   FALSE
1337   19  3000    0.50    0.50   FALSE
1338   20  3000    0.50    0.50   FALSE
1339   21  3000    0.50    0.50   FALSE
1340   22  3000    0.50    0.50   FALSE
1341   23  3000    0.50    0.50   FALSE
1342   24  3000    0.50    0.50   FALSE
1343   25  3000    0.50    0.50   FALSE
1344   26  3000    0.50    0.50   FALSE
1345   27  3000    0.50    0.50   FALSE
1346   28  3000    0.50    0.50   FALSE
1347   29  3000    0.50    0.50   FALSE
1348   30  3000    0.50    0.50   FALSE
1349   31  3000    0.50    0.50   FALSE
1350   32  3000    0.50    0.50   FALSE
1351    8   300    0.45    0.55   FALSE
1352    9   300    0.45    0.55   FALSE
1353   10   300    0.45    0.55   FALSE
1354   11   300    0.45    0.55   FALSE
1355   12   300    0.45    0.55   FALSE
1356   13   300    0.45    0.55   FALSE
1357   14   300    0.45    0.55   FALSE
1358   15   300    0.45    0.55   FALSE
1359   16   300    0.45    0.55   FALSE
1360   17   300    0.45    0.55   FALSE
1361   18   300    0.45    0.55   FALSE
1362   19   300    0.45    0.55   FALSE
1363   20   300    0.45    0.55   FALSE
1364   21   300    0.45    0.55   FALSE
1365   22   300    0.45    0.55   FALSE
1366   23   300    0.45    0.55   FALSE
1367   24   300    0.45    0.55   FALSE
1368   25   300    0.45    0.55   FALSE
1369   26   300    0.45    0.55   FALSE
1370   27   300    0.45    0.55   FALSE
1371   28   300    0.45    0.55   FALSE
1372   29   300    0.45    0.55   FALSE
1373   30   300    0.45    0.55   FALSE
1374   31   300    0.45    0.55   FALSE
1375   32   300    0.45    0.55   FALSE
1376    8   500    0.45    0.55   FALSE
1377    9   500    0.45    0.55   FALSE
1378   10   500    0.45    0.55   FALSE
1379   11   500    0.45    0.55   FALSE
1380   12   500    0.45    0.55   FALSE
1381   13   500    0.45    0.55   FALSE
1382   14   500    0.45    0.55   FALSE
1383   15   500    0.45    0.55   FALSE
1384   16   500    0.45    0.55   FALSE
1385   17   500    0.45    0.55   FALSE
1386   18   500    0.45    0.55   FALSE
1387   19   500    0.45    0.55   FALSE
1388   20   500    0.45    0.55   FALSE
1389   21   500    0.45    0.55   FALSE
1390   22   500    0.45    0.55   FALSE
1391   23   500    0.45    0.55   FALSE
1392   24   500    0.45    0.55   FALSE
1393   25   500    0.45    0.55   FALSE
1394   26   500    0.45    0.55   FALSE
1395   27   500    0.45    0.55   FALSE
1396   28   500    0.45    0.55   FALSE
1397   29   500    0.45    0.55   FALSE
1398   30   500    0.45    0.55   FALSE
1399   31   500    0.45    0.55   FALSE
1400   32   500    0.45    0.55   FALSE
1401    8  1000    0.45    0.55   FALSE
1402    9  1000    0.45    0.55   FALSE
1403   10  1000    0.45    0.55   FALSE
1404   11  1000    0.45    0.55   FALSE
1405   12  1000    0.45    0.55   FALSE
1406   13  1000    0.45    0.55   FALSE
1407   14  1000    0.45    0.55   FALSE
1408   15  1000    0.45    0.55   FALSE
1409   16  1000    0.45    0.55   FALSE
1410   17  1000    0.45    0.55   FALSE
1411   18  1000    0.45    0.55   FALSE
1412   19  1000    0.45    0.55   FALSE
1413   20  1000    0.45    0.55   FALSE
1414   21  1000    0.45    0.55   FALSE
1415   22  1000    0.45    0.55   FALSE
1416   23  1000    0.45    0.55   FALSE
1417   24  1000    0.45    0.55   FALSE
1418   25  1000    0.45    0.55   FALSE
1419   26  1000    0.45    0.55   FALSE
1420   27  1000    0.45    0.55   FALSE
1421   28  1000    0.45    0.55   FALSE
1422   29  1000    0.45    0.55   FALSE
1423   30  1000    0.45    0.55   FALSE
1424   31  1000    0.45    0.55   FALSE
1425   32  1000    0.45    0.55   FALSE
1426    8  1500    0.45    0.55   FALSE
1427    9  1500    0.45    0.55   FALSE
1428   10  1500    0.45    0.55   FALSE
1429   11  1500    0.45    0.55   FALSE
1430   12  1500    0.45    0.55   FALSE
1431   13  1500    0.45    0.55   FALSE
1432   14  1500    0.45    0.55   FALSE
1433   15  1500    0.45    0.55   FALSE
1434   16  1500    0.45    0.55   FALSE
1435   17  1500    0.45    0.55   FALSE
1436   18  1500    0.45    0.55   FALSE
1437   19  1500    0.45    0.55   FALSE
1438   20  1500    0.45    0.55   FALSE
1439   21  1500    0.45    0.55   FALSE
1440   22  1500    0.45    0.55   FALSE
1441   23  1500    0.45    0.55   FALSE
1442   24  1500    0.45    0.55   FALSE
1443   25  1500    0.45    0.55   FALSE
1444   26  1500    0.45    0.55   FALSE
1445   27  1500    0.45    0.55   FALSE
1446   28  1500    0.45    0.55   FALSE
1447   29  1500    0.45    0.55   FALSE
1448   30  1500    0.45    0.55   FALSE
1449   31  1500    0.45    0.55   FALSE
1450   32  1500    0.45    0.55   FALSE
1451    8  2000    0.45    0.55   FALSE
1452    9  2000    0.45    0.55   FALSE
1453   10  2000    0.45    0.55   FALSE
1454   11  2000    0.45    0.55   FALSE
1455   12  2000    0.45    0.55   FALSE
1456   13  2000    0.45    0.55   FALSE
1457   14  2000    0.45    0.55   FALSE
1458   15  2000    0.45    0.55   FALSE
1459   16  2000    0.45    0.55   FALSE
1460   17  2000    0.45    0.55   FALSE
1461   18  2000    0.45    0.55   FALSE
1462   19  2000    0.45    0.55   FALSE
1463   20  2000    0.45    0.55   FALSE
1464   21  2000    0.45    0.55   FALSE
1465   22  2000    0.45    0.55   FALSE
1466   23  2000    0.45    0.55   FALSE
1467   24  2000    0.45    0.55   FALSE
1468   25  2000    0.45    0.55   FALSE
1469   26  2000    0.45    0.55   FALSE
1470   27  2000    0.45    0.55   FALSE
1471   28  2000    0.45    0.55   FALSE
1472   29  2000    0.45    0.55   FALSE
1473   30  2000    0.45    0.55   FALSE
1474   31  2000    0.45    0.55   FALSE
1475   32  2000    0.45    0.55   FALSE
1476    8  3000    0.45    0.55   FALSE
1477    9  3000    0.45    0.55   FALSE
1478   10  3000    0.45    0.55   FALSE
1479   11  3000    0.45    0.55   FALSE
1480   12  3000    0.45    0.55   FALSE
1481   13  3000    0.45    0.55   FALSE
1482   14  3000    0.45    0.55   FALSE
1483   15  3000    0.45    0.55   FALSE
1484   16  3000    0.45    0.55   FALSE
1485   17  3000    0.45    0.55   FALSE
1486   18  3000    0.45    0.55   FALSE
1487   19  3000    0.45    0.55   FALSE
1488   20  3000    0.45    0.55   FALSE
1489   21  3000    0.45    0.55   FALSE
1490   22  3000    0.45    0.55   FALSE
1491   23  3000    0.45    0.55   FALSE
1492   24  3000    0.45    0.55   FALSE
1493   25  3000    0.45    0.55   FALSE
1494   26  3000    0.45    0.55   FALSE
1495   27  3000    0.45    0.55   FALSE
1496   28  3000    0.45    0.55   FALSE
1497   29  3000    0.45    0.55   FALSE
1498   30  3000    0.45    0.55   FALSE
1499   31  3000    0.45    0.55   FALSE
1500   32  3000    0.45    0.55   FALSE
1501    8   300    0.40    0.60   FALSE
1502    9   300    0.40    0.60   FALSE
1503   10   300    0.40    0.60   FALSE
1504   11   300    0.40    0.60   FALSE
1505   12   300    0.40    0.60   FALSE
1506   13   300    0.40    0.60   FALSE
1507   14   300    0.40    0.60   FALSE
1508   15   300    0.40    0.60   FALSE
1509   16   300    0.40    0.60   FALSE
1510   17   300    0.40    0.60   FALSE
1511   18   300    0.40    0.60   FALSE
1512   19   300    0.40    0.60   FALSE
1513   20   300    0.40    0.60   FALSE
1514   21   300    0.40    0.60   FALSE
1515   22   300    0.40    0.60   FALSE
1516   23   300    0.40    0.60   FALSE
1517   24   300    0.40    0.60   FALSE
1518   25   300    0.40    0.60   FALSE
1519   26   300    0.40    0.60   FALSE
1520   27   300    0.40    0.60   FALSE
1521   28   300    0.40    0.60   FALSE
1522   29   300    0.40    0.60   FALSE
1523   30   300    0.40    0.60   FALSE
1524   31   300    0.40    0.60   FALSE
1525   32   300    0.40    0.60   FALSE
1526    8   500    0.40    0.60   FALSE
1527    9   500    0.40    0.60   FALSE
1528   10   500    0.40    0.60   FALSE
1529   11   500    0.40    0.60   FALSE
1530   12   500    0.40    0.60   FALSE
1531   13   500    0.40    0.60   FALSE
1532   14   500    0.40    0.60   FALSE
1533   15   500    0.40    0.60   FALSE
1534   16   500    0.40    0.60   FALSE
1535   17   500    0.40    0.60   FALSE
1536   18   500    0.40    0.60   FALSE
1537   19   500    0.40    0.60   FALSE
1538   20   500    0.40    0.60   FALSE
1539   21   500    0.40    0.60   FALSE
1540   22   500    0.40    0.60   FALSE
1541   23   500    0.40    0.60   FALSE
1542   24   500    0.40    0.60   FALSE
1543   25   500    0.40    0.60   FALSE
1544   26   500    0.40    0.60   FALSE
1545   27   500    0.40    0.60   FALSE
1546   28   500    0.40    0.60   FALSE
1547   29   500    0.40    0.60   FALSE
1548   30   500    0.40    0.60   FALSE
1549   31   500    0.40    0.60   FALSE
1550   32   500    0.40    0.60   FALSE
1551    8  1000    0.40    0.60   FALSE
1552    9  1000    0.40    0.60   FALSE
1553   10  1000    0.40    0.60   FALSE
1554   11  1000    0.40    0.60   FALSE
1555   12  1000    0.40    0.60   FALSE
1556   13  1000    0.40    0.60   FALSE
1557   14  1000    0.40    0.60   FALSE
1558   15  1000    0.40    0.60   FALSE
1559   16  1000    0.40    0.60   FALSE
1560   17  1000    0.40    0.60   FALSE
1561   18  1000    0.40    0.60   FALSE
1562   19  1000    0.40    0.60   FALSE
1563   20  1000    0.40    0.60   FALSE
1564   21  1000    0.40    0.60   FALSE
1565   22  1000    0.40    0.60   FALSE
1566   23  1000    0.40    0.60   FALSE
1567   24  1000    0.40    0.60   FALSE
1568   25  1000    0.40    0.60   FALSE
1569   26  1000    0.40    0.60   FALSE
1570   27  1000    0.40    0.60   FALSE
1571   28  1000    0.40    0.60   FALSE
1572   29  1000    0.40    0.60   FALSE
1573   30  1000    0.40    0.60   FALSE
1574   31  1000    0.40    0.60   FALSE
1575   32  1000    0.40    0.60   FALSE
1576    8  1500    0.40    0.60   FALSE
1577    9  1500    0.40    0.60   FALSE
1578   10  1500    0.40    0.60   FALSE
1579   11  1500    0.40    0.60   FALSE
1580   12  1500    0.40    0.60   FALSE
1581   13  1500    0.40    0.60   FALSE
1582   14  1500    0.40    0.60   FALSE
1583   15  1500    0.40    0.60   FALSE
1584   16  1500    0.40    0.60   FALSE
1585   17  1500    0.40    0.60   FALSE
1586   18  1500    0.40    0.60   FALSE
1587   19  1500    0.40    0.60   FALSE
1588   20  1500    0.40    0.60   FALSE
1589   21  1500    0.40    0.60   FALSE
1590   22  1500    0.40    0.60   FALSE
1591   23  1500    0.40    0.60   FALSE
1592   24  1500    0.40    0.60   FALSE
1593   25  1500    0.40    0.60   FALSE
1594   26  1500    0.40    0.60   FALSE
1595   27  1500    0.40    0.60   FALSE
1596   28  1500    0.40    0.60   FALSE
1597   29  1500    0.40    0.60   FALSE
1598   30  1500    0.40    0.60   FALSE
1599   31  1500    0.40    0.60   FALSE
1600   32  1500    0.40    0.60   FALSE
1601    8  2000    0.40    0.60   FALSE
1602    9  2000    0.40    0.60   FALSE
1603   10  2000    0.40    0.60   FALSE
1604   11  2000    0.40    0.60   FALSE
1605   12  2000    0.40    0.60   FALSE
1606   13  2000    0.40    0.60   FALSE
1607   14  2000    0.40    0.60   FALSE
1608   15  2000    0.40    0.60   FALSE
1609   16  2000    0.40    0.60   FALSE
1610   17  2000    0.40    0.60   FALSE
1611   18  2000    0.40    0.60   FALSE
1612   19  2000    0.40    0.60   FALSE
1613   20  2000    0.40    0.60   FALSE
1614   21  2000    0.40    0.60   FALSE
1615   22  2000    0.40    0.60   FALSE
1616   23  2000    0.40    0.60   FALSE
1617   24  2000    0.40    0.60   FALSE
1618   25  2000    0.40    0.60   FALSE
1619   26  2000    0.40    0.60   FALSE
1620   27  2000    0.40    0.60   FALSE
1621   28  2000    0.40    0.60   FALSE
1622   29  2000    0.40    0.60   FALSE
1623   30  2000    0.40    0.60   FALSE
1624   31  2000    0.40    0.60   FALSE
1625   32  2000    0.40    0.60   FALSE
1626    8  3000    0.40    0.60   FALSE
1627    9  3000    0.40    0.60   FALSE
1628   10  3000    0.40    0.60   FALSE
1629   11  3000    0.40    0.60   FALSE
1630   12  3000    0.40    0.60   FALSE
1631   13  3000    0.40    0.60   FALSE
1632   14  3000    0.40    0.60   FALSE
1633   15  3000    0.40    0.60   FALSE
1634   16  3000    0.40    0.60   FALSE
1635   17  3000    0.40    0.60   FALSE
1636   18  3000    0.40    0.60   FALSE
1637   19  3000    0.40    0.60   FALSE
1638   20  3000    0.40    0.60   FALSE
1639   21  3000    0.40    0.60   FALSE
1640   22  3000    0.40    0.60   FALSE
1641   23  3000    0.40    0.60   FALSE
1642   24  3000    0.40    0.60   FALSE
1643   25  3000    0.40    0.60   FALSE
1644   26  3000    0.40    0.60   FALSE
1645   27  3000    0.40    0.60   FALSE
1646   28  3000    0.40    0.60   FALSE
1647   29  3000    0.40    0.60   FALSE
1648   30  3000    0.40    0.60   FALSE
1649   31  3000    0.40    0.60   FALSE
1650   32  3000    0.40    0.60   FALSE
1651    8   300    0.35    0.65   FALSE
1652    9   300    0.35    0.65   FALSE
1653   10   300    0.35    0.65   FALSE
1654   11   300    0.35    0.65   FALSE
1655   12   300    0.35    0.65   FALSE
1656   13   300    0.35    0.65   FALSE
1657   14   300    0.35    0.65   FALSE
1658   15   300    0.35    0.65   FALSE
1659   16   300    0.35    0.65   FALSE
1660   17   300    0.35    0.65   FALSE
1661   18   300    0.35    0.65   FALSE
1662   19   300    0.35    0.65   FALSE
1663   20   300    0.35    0.65   FALSE
1664   21   300    0.35    0.65   FALSE
1665   22   300    0.35    0.65   FALSE
1666   23   300    0.35    0.65   FALSE
1667   24   300    0.35    0.65   FALSE
1668   25   300    0.35    0.65   FALSE
1669   26   300    0.35    0.65   FALSE
1670   27   300    0.35    0.65   FALSE
1671   28   300    0.35    0.65   FALSE
1672   29   300    0.35    0.65   FALSE
1673   30   300    0.35    0.65   FALSE
1674   31   300    0.35    0.65   FALSE
1675   32   300    0.35    0.65   FALSE
1676    8   500    0.35    0.65   FALSE
1677    9   500    0.35    0.65   FALSE
1678   10   500    0.35    0.65   FALSE
1679   11   500    0.35    0.65   FALSE
1680   12   500    0.35    0.65   FALSE
1681   13   500    0.35    0.65   FALSE
1682   14   500    0.35    0.65   FALSE
1683   15   500    0.35    0.65   FALSE
1684   16   500    0.35    0.65   FALSE
1685   17   500    0.35    0.65   FALSE
1686   18   500    0.35    0.65   FALSE
1687   19   500    0.35    0.65   FALSE
1688   20   500    0.35    0.65   FALSE
1689   21   500    0.35    0.65   FALSE
1690   22   500    0.35    0.65   FALSE
1691   23   500    0.35    0.65   FALSE
1692   24   500    0.35    0.65   FALSE
1693   25   500    0.35    0.65   FALSE
1694   26   500    0.35    0.65   FALSE
1695   27   500    0.35    0.65   FALSE
1696   28   500    0.35    0.65   FALSE
1697   29   500    0.35    0.65   FALSE
1698   30   500    0.35    0.65   FALSE
1699   31   500    0.35    0.65   FALSE
1700   32   500    0.35    0.65   FALSE
1701    8  1000    0.35    0.65   FALSE
1702    9  1000    0.35    0.65   FALSE
1703   10  1000    0.35    0.65   FALSE
1704   11  1000    0.35    0.65   FALSE
1705   12  1000    0.35    0.65   FALSE
1706   13  1000    0.35    0.65   FALSE
1707   14  1000    0.35    0.65   FALSE
1708   15  1000    0.35    0.65   FALSE
1709   16  1000    0.35    0.65   FALSE
1710   17  1000    0.35    0.65   FALSE
1711   18  1000    0.35    0.65   FALSE
1712   19  1000    0.35    0.65   FALSE
1713   20  1000    0.35    0.65   FALSE
1714   21  1000    0.35    0.65   FALSE
1715   22  1000    0.35    0.65   FALSE
1716   23  1000    0.35    0.65   FALSE
1717   24  1000    0.35    0.65   FALSE
1718   25  1000    0.35    0.65   FALSE
1719   26  1000    0.35    0.65   FALSE
1720   27  1000    0.35    0.65   FALSE
1721   28  1000    0.35    0.65   FALSE
1722   29  1000    0.35    0.65   FALSE
1723   30  1000    0.35    0.65   FALSE
1724   31  1000    0.35    0.65   FALSE
1725   32  1000    0.35    0.65   FALSE
1726    8  1500    0.35    0.65   FALSE
1727    9  1500    0.35    0.65   FALSE
1728   10  1500    0.35    0.65   FALSE
1729   11  1500    0.35    0.65   FALSE
1730   12  1500    0.35    0.65   FALSE
1731   13  1500    0.35    0.65   FALSE
1732   14  1500    0.35    0.65   FALSE
1733   15  1500    0.35    0.65   FALSE
1734   16  1500    0.35    0.65   FALSE
1735   17  1500    0.35    0.65   FALSE
1736   18  1500    0.35    0.65   FALSE
1737   19  1500    0.35    0.65   FALSE
1738   20  1500    0.35    0.65   FALSE
1739   21  1500    0.35    0.65   FALSE
1740   22  1500    0.35    0.65   FALSE
1741   23  1500    0.35    0.65   FALSE
1742   24  1500    0.35    0.65   FALSE
1743   25  1500    0.35    0.65   FALSE
1744   26  1500    0.35    0.65   FALSE
1745   27  1500    0.35    0.65   FALSE
1746   28  1500    0.35    0.65   FALSE
1747   29  1500    0.35    0.65   FALSE
1748   30  1500    0.35    0.65   FALSE
1749   31  1500    0.35    0.65   FALSE
1750   32  1500    0.35    0.65   FALSE
1751    8  2000    0.35    0.65   FALSE
1752    9  2000    0.35    0.65   FALSE
1753   10  2000    0.35    0.65   FALSE
1754   11  2000    0.35    0.65   FALSE
1755   12  2000    0.35    0.65   FALSE
1756   13  2000    0.35    0.65   FALSE
1757   14  2000    0.35    0.65   FALSE
1758   15  2000    0.35    0.65   FALSE
1759   16  2000    0.35    0.65   FALSE
1760   17  2000    0.35    0.65   FALSE
1761   18  2000    0.35    0.65   FALSE
1762   19  2000    0.35    0.65   FALSE
1763   20  2000    0.35    0.65   FALSE
1764   21  2000    0.35    0.65   FALSE
1765   22  2000    0.35    0.65   FALSE
1766   23  2000    0.35    0.65   FALSE
1767   24  2000    0.35    0.65   FALSE
1768   25  2000    0.35    0.65   FALSE
1769   26  2000    0.35    0.65   FALSE
1770   27  2000    0.35    0.65   FALSE
1771   28  2000    0.35    0.65   FALSE
1772   29  2000    0.35    0.65   FALSE
1773   30  2000    0.35    0.65   FALSE
1774   31  2000    0.35    0.65   FALSE
1775   32  2000    0.35    0.65   FALSE
1776    8  3000    0.35    0.65   FALSE
1777    9  3000    0.35    0.65   FALSE
1778   10  3000    0.35    0.65   FALSE
1779   11  3000    0.35    0.65   FALSE
1780   12  3000    0.35    0.65   FALSE
1781   13  3000    0.35    0.65   FALSE
1782   14  3000    0.35    0.65   FALSE
1783   15  3000    0.35    0.65   FALSE
1784   16  3000    0.35    0.65   FALSE
1785   17  3000    0.35    0.65   FALSE
1786   18  3000    0.35    0.65   FALSE
1787   19  3000    0.35    0.65   FALSE
1788   20  3000    0.35    0.65   FALSE
1789   21  3000    0.35    0.65   FALSE
1790   22  3000    0.35    0.65   FALSE
1791   23  3000    0.35    0.65   FALSE
1792   24  3000    0.35    0.65   FALSE
1793   25  3000    0.35    0.65   FALSE
1794   26  3000    0.35    0.65   FALSE
1795   27  3000    0.35    0.65   FALSE
1796   28  3000    0.35    0.65   FALSE
1797   29  3000    0.35    0.65   FALSE
1798   30  3000    0.35    0.65   FALSE
1799   31  3000    0.35    0.65   FALSE
1800   32  3000    0.35    0.65   FALSE
1801    8   300    0.30    0.70   FALSE
1802    9   300    0.30    0.70   FALSE
1803   10   300    0.30    0.70   FALSE
1804   11   300    0.30    0.70   FALSE
1805   12   300    0.30    0.70   FALSE
1806   13   300    0.30    0.70   FALSE
1807   14   300    0.30    0.70   FALSE
1808   15   300    0.30    0.70   FALSE
1809   16   300    0.30    0.70   FALSE
1810   17   300    0.30    0.70   FALSE
1811   18   300    0.30    0.70   FALSE
1812   19   300    0.30    0.70   FALSE
1813   20   300    0.30    0.70   FALSE
1814   21   300    0.30    0.70   FALSE
1815   22   300    0.30    0.70   FALSE
1816   23   300    0.30    0.70   FALSE
1817   24   300    0.30    0.70   FALSE
1818   25   300    0.30    0.70   FALSE
1819   26   300    0.30    0.70   FALSE
1820   27   300    0.30    0.70   FALSE
1821   28   300    0.30    0.70   FALSE
1822   29   300    0.30    0.70   FALSE
1823   30   300    0.30    0.70   FALSE
1824   31   300    0.30    0.70   FALSE
1825   32   300    0.30    0.70   FALSE
1826    8   500    0.30    0.70   FALSE
1827    9   500    0.30    0.70   FALSE
1828   10   500    0.30    0.70   FALSE
1829   11   500    0.30    0.70   FALSE
1830   12   500    0.30    0.70   FALSE
1831   13   500    0.30    0.70   FALSE
1832   14   500    0.30    0.70   FALSE
1833   15   500    0.30    0.70   FALSE
1834   16   500    0.30    0.70   FALSE
1835   17   500    0.30    0.70   FALSE
1836   18   500    0.30    0.70   FALSE
1837   19   500    0.30    0.70   FALSE
1838   20   500    0.30    0.70   FALSE
1839   21   500    0.30    0.70   FALSE
1840   22   500    0.30    0.70   FALSE
1841   23   500    0.30    0.70   FALSE
1842   24   500    0.30    0.70   FALSE
1843   25   500    0.30    0.70   FALSE
1844   26   500    0.30    0.70   FALSE
1845   27   500    0.30    0.70   FALSE
1846   28   500    0.30    0.70   FALSE
1847   29   500    0.30    0.70   FALSE
1848   30   500    0.30    0.70   FALSE
1849   31   500    0.30    0.70   FALSE
1850   32   500    0.30    0.70   FALSE
1851    8  1000    0.30    0.70   FALSE
1852    9  1000    0.30    0.70   FALSE
1853   10  1000    0.30    0.70   FALSE
1854   11  1000    0.30    0.70   FALSE
1855   12  1000    0.30    0.70   FALSE
1856   13  1000    0.30    0.70   FALSE
1857   14  1000    0.30    0.70   FALSE
1858   15  1000    0.30    0.70   FALSE
1859   16  1000    0.30    0.70   FALSE
1860   17  1000    0.30    0.70   FALSE
1861   18  1000    0.30    0.70   FALSE
1862   19  1000    0.30    0.70   FALSE
1863   20  1000    0.30    0.70   FALSE
1864   21  1000    0.30    0.70   FALSE
1865   22  1000    0.30    0.70   FALSE
1866   23  1000    0.30    0.70   FALSE
1867   24  1000    0.30    0.70   FALSE
1868   25  1000    0.30    0.70   FALSE
1869   26  1000    0.30    0.70   FALSE
1870   27  1000    0.30    0.70   FALSE
1871   28  1000    0.30    0.70   FALSE
1872   29  1000    0.30    0.70   FALSE
1873   30  1000    0.30    0.70   FALSE
1874   31  1000    0.30    0.70   FALSE
1875   32  1000    0.30    0.70   FALSE
1876    8  1500    0.30    0.70   FALSE
1877    9  1500    0.30    0.70   FALSE
1878   10  1500    0.30    0.70   FALSE
1879   11  1500    0.30    0.70   FALSE
1880   12  1500    0.30    0.70   FALSE
1881   13  1500    0.30    0.70   FALSE
1882   14  1500    0.30    0.70   FALSE
1883   15  1500    0.30    0.70   FALSE
1884   16  1500    0.30    0.70   FALSE
1885   17  1500    0.30    0.70   FALSE
1886   18  1500    0.30    0.70   FALSE
1887   19  1500    0.30    0.70   FALSE
1888   20  1500    0.30    0.70   FALSE
1889   21  1500    0.30    0.70   FALSE
1890   22  1500    0.30    0.70   FALSE
1891   23  1500    0.30    0.70   FALSE
1892   24  1500    0.30    0.70   FALSE
1893   25  1500    0.30    0.70   FALSE
1894   26  1500    0.30    0.70   FALSE
1895   27  1500    0.30    0.70   FALSE
1896   28  1500    0.30    0.70   FALSE
1897   29  1500    0.30    0.70   FALSE
1898   30  1500    0.30    0.70   FALSE
1899   31  1500    0.30    0.70   FALSE
1900   32  1500    0.30    0.70   FALSE
1901    8  2000    0.30    0.70   FALSE
1902    9  2000    0.30    0.70   FALSE
1903   10  2000    0.30    0.70   FALSE
1904   11  2000    0.30    0.70   FALSE
1905   12  2000    0.30    0.70   FALSE
1906   13  2000    0.30    0.70   FALSE
1907   14  2000    0.30    0.70   FALSE
1908   15  2000    0.30    0.70   FALSE
1909   16  2000    0.30    0.70   FALSE
1910   17  2000    0.30    0.70   FALSE
1911   18  2000    0.30    0.70   FALSE
1912   19  2000    0.30    0.70   FALSE
1913   20  2000    0.30    0.70   FALSE
1914   21  2000    0.30    0.70   FALSE
1915   22  2000    0.30    0.70   FALSE
1916   23  2000    0.30    0.70   FALSE
1917   24  2000    0.30    0.70   FALSE
1918   25  2000    0.30    0.70   FALSE
1919   26  2000    0.30    0.70   FALSE
1920   27  2000    0.30    0.70   FALSE
1921   28  2000    0.30    0.70   FALSE
1922   29  2000    0.30    0.70   FALSE
1923   30  2000    0.30    0.70   FALSE
1924   31  2000    0.30    0.70   FALSE
1925   32  2000    0.30    0.70   FALSE
1926    8  3000    0.30    0.70   FALSE
1927    9  3000    0.30    0.70   FALSE
1928   10  3000    0.30    0.70   FALSE
1929   11  3000    0.30    0.70   FALSE
1930   12  3000    0.30    0.70   FALSE
1931   13  3000    0.30    0.70   FALSE
1932   14  3000    0.30    0.70   FALSE
1933   15  3000    0.30    0.70   FALSE
1934   16  3000    0.30    0.70   FALSE
1935   17  3000    0.30    0.70   FALSE
1936   18  3000    0.30    0.70   FALSE
1937   19  3000    0.30    0.70   FALSE
1938   20  3000    0.30    0.70   FALSE
1939   21  3000    0.30    0.70   FALSE
1940   22  3000    0.30    0.70   FALSE
1941   23  3000    0.30    0.70   FALSE
1942   24  3000    0.30    0.70   FALSE
1943   25  3000    0.30    0.70   FALSE
1944   26  3000    0.30    0.70   FALSE
1945   27  3000    0.30    0.70   FALSE
1946   28  3000    0.30    0.70   FALSE
1947   29  3000    0.30    0.70   FALSE
1948   30  3000    0.30    0.70   FALSE
1949   31  3000    0.30    0.70   FALSE
1950   32  3000    0.30    0.70   FALSE
1951    8   300    0.25    0.75   FALSE
1952    9   300    0.25    0.75   FALSE
1953   10   300    0.25    0.75   FALSE
1954   11   300    0.25    0.75   FALSE
1955   12   300    0.25    0.75   FALSE
1956   13   300    0.25    0.75   FALSE
1957   14   300    0.25    0.75   FALSE
1958   15   300    0.25    0.75   FALSE
1959   16   300    0.25    0.75   FALSE
1960   17   300    0.25    0.75   FALSE
1961   18   300    0.25    0.75   FALSE
1962   19   300    0.25    0.75   FALSE
1963   20   300    0.25    0.75   FALSE
1964   21   300    0.25    0.75   FALSE
1965   22   300    0.25    0.75   FALSE
1966   23   300    0.25    0.75   FALSE
1967   24   300    0.25    0.75   FALSE
1968   25   300    0.25    0.75   FALSE
1969   26   300    0.25    0.75   FALSE
1970   27   300    0.25    0.75   FALSE
1971   28   300    0.25    0.75   FALSE
1972   29   300    0.25    0.75   FALSE
1973   30   300    0.25    0.75   FALSE
1974   31   300    0.25    0.75   FALSE
1975   32   300    0.25    0.75   FALSE
1976    8   500    0.25    0.75   FALSE
1977    9   500    0.25    0.75   FALSE
1978   10   500    0.25    0.75   FALSE
1979   11   500    0.25    0.75   FALSE
1980   12   500    0.25    0.75   FALSE
1981   13   500    0.25    0.75   FALSE
1982   14   500    0.25    0.75   FALSE
1983   15   500    0.25    0.75   FALSE
1984   16   500    0.25    0.75   FALSE
1985   17   500    0.25    0.75   FALSE
1986   18   500    0.25    0.75   FALSE
1987   19   500    0.25    0.75   FALSE
1988   20   500    0.25    0.75   FALSE
1989   21   500    0.25    0.75   FALSE
1990   22   500    0.25    0.75   FALSE
1991   23   500    0.25    0.75   FALSE
1992   24   500    0.25    0.75   FALSE
1993   25   500    0.25    0.75   FALSE
1994   26   500    0.25    0.75   FALSE
1995   27   500    0.25    0.75   FALSE
1996   28   500    0.25    0.75   FALSE
1997   29   500    0.25    0.75   FALSE
1998   30   500    0.25    0.75   FALSE
1999   31   500    0.25    0.75   FALSE
2000   32   500    0.25    0.75   FALSE
2001    8  1000    0.25    0.75   FALSE
2002    9  1000    0.25    0.75   FALSE
2003   10  1000    0.25    0.75   FALSE
2004   11  1000    0.25    0.75   FALSE
2005   12  1000    0.25    0.75   FALSE
2006   13  1000    0.25    0.75   FALSE
2007   14  1000    0.25    0.75   FALSE
2008   15  1000    0.25    0.75   FALSE
2009   16  1000    0.25    0.75   FALSE
2010   17  1000    0.25    0.75   FALSE
2011   18  1000    0.25    0.75   FALSE
2012   19  1000    0.25    0.75   FALSE
2013   20  1000    0.25    0.75   FALSE
2014   21  1000    0.25    0.75   FALSE
2015   22  1000    0.25    0.75   FALSE
2016   23  1000    0.25    0.75   FALSE
2017   24  1000    0.25    0.75   FALSE
2018   25  1000    0.25    0.75   FALSE
2019   26  1000    0.25    0.75   FALSE
2020   27  1000    0.25    0.75   FALSE
2021   28  1000    0.25    0.75   FALSE
2022   29  1000    0.25    0.75   FALSE
2023   30  1000    0.25    0.75   FALSE
2024   31  1000    0.25    0.75   FALSE
2025   32  1000    0.25    0.75   FALSE
2026    8  1500    0.25    0.75   FALSE
2027    9  1500    0.25    0.75   FALSE
2028   10  1500    0.25    0.75   FALSE
2029   11  1500    0.25    0.75   FALSE
2030   12  1500    0.25    0.75   FALSE
2031   13  1500    0.25    0.75   FALSE
2032   14  1500    0.25    0.75   FALSE
2033   15  1500    0.25    0.75   FALSE
2034   16  1500    0.25    0.75   FALSE
2035   17  1500    0.25    0.75   FALSE
2036   18  1500    0.25    0.75   FALSE
2037   19  1500    0.25    0.75   FALSE
2038   20  1500    0.25    0.75   FALSE
2039   21  1500    0.25    0.75   FALSE
2040   22  1500    0.25    0.75   FALSE
2041   23  1500    0.25    0.75   FALSE
2042   24  1500    0.25    0.75   FALSE
2043   25  1500    0.25    0.75   FALSE
2044   26  1500    0.25    0.75   FALSE
2045   27  1500    0.25    0.75   FALSE
2046   28  1500    0.25    0.75   FALSE
2047   29  1500    0.25    0.75   FALSE
2048   30  1500    0.25    0.75   FALSE
2049   31  1500    0.25    0.75   FALSE
2050   32  1500    0.25    0.75   FALSE
2051    8  2000    0.25    0.75   FALSE
2052    9  2000    0.25    0.75   FALSE
2053   10  2000    0.25    0.75   FALSE
2054   11  2000    0.25    0.75   FALSE
2055   12  2000    0.25    0.75   FALSE
2056   13  2000    0.25    0.75   FALSE
2057   14  2000    0.25    0.75   FALSE
2058   15  2000    0.25    0.75   FALSE
2059   16  2000    0.25    0.75   FALSE
2060   17  2000    0.25    0.75   FALSE
2061   18  2000    0.25    0.75   FALSE
2062   19  2000    0.25    0.75   FALSE
2063   20  2000    0.25    0.75   FALSE
2064   21  2000    0.25    0.75   FALSE
2065   22  2000    0.25    0.75   FALSE
2066   23  2000    0.25    0.75   FALSE
2067   24  2000    0.25    0.75   FALSE
2068   25  2000    0.25    0.75   FALSE
2069   26  2000    0.25    0.75   FALSE
2070   27  2000    0.25    0.75   FALSE
2071   28  2000    0.25    0.75   FALSE
2072   29  2000    0.25    0.75   FALSE
2073   30  2000    0.25    0.75   FALSE
2074   31  2000    0.25    0.75   FALSE
2075   32  2000    0.25    0.75   FALSE
2076    8  3000    0.25    0.75   FALSE
2077    9  3000    0.25    0.75   FALSE
2078   10  3000    0.25    0.75   FALSE
2079   11  3000    0.25    0.75   FALSE
2080   12  3000    0.25    0.75   FALSE
2081   13  3000    0.25    0.75   FALSE
2082   14  3000    0.25    0.75   FALSE
2083   15  3000    0.25    0.75   FALSE
2084   16  3000    0.25    0.75   FALSE
2085   17  3000    0.25    0.75   FALSE
2086   18  3000    0.25    0.75   FALSE
2087   19  3000    0.25    0.75   FALSE
2088   20  3000    0.25    0.75   FALSE
2089   21  3000    0.25    0.75   FALSE
2090   22  3000    0.25    0.75   FALSE
2091   23  3000    0.25    0.75   FALSE
2092   24  3000    0.25    0.75   FALSE
2093   25  3000    0.25    0.75   FALSE
2094   26  3000    0.25    0.75   FALSE
2095   27  3000    0.25    0.75   FALSE
2096   28  3000    0.25    0.75   FALSE
2097   29  3000    0.25    0.75   FALSE
2098   30  3000    0.25    0.75   FALSE
2099   31  3000    0.25    0.75   FALSE
2100   32  3000    0.25    0.75   FALSE
2101    8   300    0.20    0.80   FALSE
2102    9   300    0.20    0.80   FALSE
2103   10   300    0.20    0.80   FALSE
2104   11   300    0.20    0.80   FALSE
2105   12   300    0.20    0.80   FALSE
2106   13   300    0.20    0.80   FALSE
2107   14   300    0.20    0.80   FALSE
2108   15   300    0.20    0.80   FALSE
2109   16   300    0.20    0.80   FALSE
2110   17   300    0.20    0.80   FALSE
2111   18   300    0.20    0.80   FALSE
2112   19   300    0.20    0.80   FALSE
2113   20   300    0.20    0.80   FALSE
2114   21   300    0.20    0.80   FALSE
2115   22   300    0.20    0.80   FALSE
2116   23   300    0.20    0.80   FALSE
2117   24   300    0.20    0.80   FALSE
2118   25   300    0.20    0.80   FALSE
2119   26   300    0.20    0.80   FALSE
2120   27   300    0.20    0.80   FALSE
2121   28   300    0.20    0.80   FALSE
2122   29   300    0.20    0.80   FALSE
2123   30   300    0.20    0.80   FALSE
2124   31   300    0.20    0.80   FALSE
2125   32   300    0.20    0.80   FALSE
2126    8   500    0.20    0.80   FALSE
2127    9   500    0.20    0.80   FALSE
2128   10   500    0.20    0.80   FALSE
2129   11   500    0.20    0.80   FALSE
2130   12   500    0.20    0.80   FALSE
2131   13   500    0.20    0.80   FALSE
2132   14   500    0.20    0.80   FALSE
2133   15   500    0.20    0.80   FALSE
2134   16   500    0.20    0.80   FALSE
2135   17   500    0.20    0.80   FALSE
2136   18   500    0.20    0.80   FALSE
2137   19   500    0.20    0.80   FALSE
2138   20   500    0.20    0.80   FALSE
2139   21   500    0.20    0.80   FALSE
2140   22   500    0.20    0.80   FALSE
2141   23   500    0.20    0.80   FALSE
2142   24   500    0.20    0.80   FALSE
2143   25   500    0.20    0.80   FALSE
2144   26   500    0.20    0.80   FALSE
2145   27   500    0.20    0.80   FALSE
2146   28   500    0.20    0.80   FALSE
2147   29   500    0.20    0.80   FALSE
2148   30   500    0.20    0.80   FALSE
2149   31   500    0.20    0.80   FALSE
2150   32   500    0.20    0.80   FALSE
2151    8  1000    0.20    0.80   FALSE
2152    9  1000    0.20    0.80   FALSE
2153   10  1000    0.20    0.80   FALSE
2154   11  1000    0.20    0.80   FALSE
2155   12  1000    0.20    0.80   FALSE
2156   13  1000    0.20    0.80   FALSE
2157   14  1000    0.20    0.80   FALSE
2158   15  1000    0.20    0.80   FALSE
2159   16  1000    0.20    0.80   FALSE
2160   17  1000    0.20    0.80   FALSE
2161   18  1000    0.20    0.80   FALSE
2162   19  1000    0.20    0.80   FALSE
2163   20  1000    0.20    0.80   FALSE
2164   21  1000    0.20    0.80   FALSE
2165   22  1000    0.20    0.80   FALSE
2166   23  1000    0.20    0.80   FALSE
2167   24  1000    0.20    0.80   FALSE
2168   25  1000    0.20    0.80   FALSE
2169   26  1000    0.20    0.80   FALSE
2170   27  1000    0.20    0.80   FALSE
2171   28  1000    0.20    0.80   FALSE
2172   29  1000    0.20    0.80   FALSE
2173   30  1000    0.20    0.80   FALSE
2174   31  1000    0.20    0.80   FALSE
2175   32  1000    0.20    0.80   FALSE
2176    8  1500    0.20    0.80   FALSE
2177    9  1500    0.20    0.80   FALSE
2178   10  1500    0.20    0.80   FALSE
2179   11  1500    0.20    0.80   FALSE
2180   12  1500    0.20    0.80   FALSE
2181   13  1500    0.20    0.80   FALSE
2182   14  1500    0.20    0.80   FALSE
2183   15  1500    0.20    0.80   FALSE
2184   16  1500    0.20    0.80   FALSE
2185   17  1500    0.20    0.80   FALSE
2186   18  1500    0.20    0.80   FALSE
2187   19  1500    0.20    0.80   FALSE
2188   20  1500    0.20    0.80   FALSE
2189   21  1500    0.20    0.80   FALSE
2190   22  1500    0.20    0.80   FALSE
2191   23  1500    0.20    0.80   FALSE
2192   24  1500    0.20    0.80   FALSE
2193   25  1500    0.20    0.80   FALSE
2194   26  1500    0.20    0.80   FALSE
2195   27  1500    0.20    0.80   FALSE
2196   28  1500    0.20    0.80   FALSE
2197   29  1500    0.20    0.80   FALSE
2198   30  1500    0.20    0.80   FALSE
2199   31  1500    0.20    0.80   FALSE
2200   32  1500    0.20    0.80   FALSE
2201    8  2000    0.20    0.80   FALSE
2202    9  2000    0.20    0.80   FALSE
2203   10  2000    0.20    0.80   FALSE
2204   11  2000    0.20    0.80   FALSE
2205   12  2000    0.20    0.80   FALSE
2206   13  2000    0.20    0.80   FALSE
2207   14  2000    0.20    0.80   FALSE
2208   15  2000    0.20    0.80   FALSE
2209   16  2000    0.20    0.80   FALSE
2210   17  2000    0.20    0.80   FALSE
2211   18  2000    0.20    0.80   FALSE
2212   19  2000    0.20    0.80   FALSE
2213   20  2000    0.20    0.80   FALSE
2214   21  2000    0.20    0.80   FALSE
2215   22  2000    0.20    0.80   FALSE
2216   23  2000    0.20    0.80   FALSE
2217   24  2000    0.20    0.80   FALSE
2218   25  2000    0.20    0.80   FALSE
2219   26  2000    0.20    0.80   FALSE
2220   27  2000    0.20    0.80   FALSE
2221   28  2000    0.20    0.80   FALSE
2222   29  2000    0.20    0.80   FALSE
2223   30  2000    0.20    0.80   FALSE
2224   31  2000    0.20    0.80   FALSE
2225   32  2000    0.20    0.80   FALSE
2226    8  3000    0.20    0.80   FALSE
2227    9  3000    0.20    0.80   FALSE
2228   10  3000    0.20    0.80   FALSE
2229   11  3000    0.20    0.80   FALSE
2230   12  3000    0.20    0.80   FALSE
2231   13  3000    0.20    0.80   FALSE
2232   14  3000    0.20    0.80   FALSE
2233   15  3000    0.20    0.80   FALSE
2234   16  3000    0.20    0.80   FALSE
2235   17  3000    0.20    0.80   FALSE
2236   18  3000    0.20    0.80   FALSE
2237   19  3000    0.20    0.80   FALSE
2238   20  3000    0.20    0.80   FALSE
2239   21  3000    0.20    0.80   FALSE
2240   22  3000    0.20    0.80   FALSE
2241   23  3000    0.20    0.80   FALSE
2242   24  3000    0.20    0.80   FALSE
2243   25  3000    0.20    0.80   FALSE
2244   26  3000    0.20    0.80   FALSE
2245   27  3000    0.20    0.80   FALSE
2246   28  3000    0.20    0.80   FALSE
2247   29  3000    0.20    0.80   FALSE
2248   30  3000    0.20    0.80   FALSE
2249   31  3000    0.20    0.80   FALSE
2250   32  3000    0.20    0.80   FALSE
2251    8   300    0.15    0.85   FALSE
2252    9   300    0.15    0.85   FALSE
2253   10   300    0.15    0.85   FALSE
2254   11   300    0.15    0.85   FALSE
2255   12   300    0.15    0.85   FALSE
2256   13   300    0.15    0.85   FALSE
2257   14   300    0.15    0.85   FALSE
2258   15   300    0.15    0.85   FALSE
2259   16   300    0.15    0.85   FALSE
2260   17   300    0.15    0.85   FALSE
2261   18   300    0.15    0.85   FALSE
2262   19   300    0.15    0.85   FALSE
2263   20   300    0.15    0.85   FALSE
2264   21   300    0.15    0.85   FALSE
2265   22   300    0.15    0.85   FALSE
2266   23   300    0.15    0.85   FALSE
2267   24   300    0.15    0.85   FALSE
2268   25   300    0.15    0.85   FALSE
2269   26   300    0.15    0.85   FALSE
2270   27   300    0.15    0.85   FALSE
2271   28   300    0.15    0.85   FALSE
2272   29   300    0.15    0.85   FALSE
2273   30   300    0.15    0.85   FALSE
2274   31   300    0.15    0.85   FALSE
2275   32   300    0.15    0.85   FALSE
2276    8   500    0.15    0.85   FALSE
2277    9   500    0.15    0.85   FALSE
2278   10   500    0.15    0.85   FALSE
2279   11   500    0.15    0.85   FALSE
2280   12   500    0.15    0.85   FALSE
2281   13   500    0.15    0.85   FALSE
2282   14   500    0.15    0.85   FALSE
2283   15   500    0.15    0.85   FALSE
2284   16   500    0.15    0.85   FALSE
2285   17   500    0.15    0.85   FALSE
2286   18   500    0.15    0.85   FALSE
2287   19   500    0.15    0.85   FALSE
2288   20   500    0.15    0.85   FALSE
2289   21   500    0.15    0.85   FALSE
2290   22   500    0.15    0.85   FALSE
2291   23   500    0.15    0.85   FALSE
2292   24   500    0.15    0.85   FALSE
2293   25   500    0.15    0.85   FALSE
2294   26   500    0.15    0.85   FALSE
2295   27   500    0.15    0.85   FALSE
2296   28   500    0.15    0.85   FALSE
2297   29   500    0.15    0.85   FALSE
2298   30   500    0.15    0.85   FALSE
2299   31   500    0.15    0.85   FALSE
2300   32   500    0.15    0.85   FALSE
2301    8  1000    0.15    0.85   FALSE
2302    9  1000    0.15    0.85   FALSE
2303   10  1000    0.15    0.85   FALSE
2304   11  1000    0.15    0.85   FALSE
2305   12  1000    0.15    0.85   FALSE
2306   13  1000    0.15    0.85   FALSE
2307   14  1000    0.15    0.85   FALSE
2308   15  1000    0.15    0.85   FALSE
2309   16  1000    0.15    0.85   FALSE
2310   17  1000    0.15    0.85   FALSE
2311   18  1000    0.15    0.85   FALSE
2312   19  1000    0.15    0.85   FALSE
2313   20  1000    0.15    0.85   FALSE
2314   21  1000    0.15    0.85   FALSE
2315   22  1000    0.15    0.85   FALSE
2316   23  1000    0.15    0.85   FALSE
2317   24  1000    0.15    0.85   FALSE
2318   25  1000    0.15    0.85   FALSE
2319   26  1000    0.15    0.85   FALSE
2320   27  1000    0.15    0.85   FALSE
2321   28  1000    0.15    0.85   FALSE
2322   29  1000    0.15    0.85   FALSE
2323   30  1000    0.15    0.85   FALSE
2324   31  1000    0.15    0.85   FALSE
2325   32  1000    0.15    0.85   FALSE
2326    8  1500    0.15    0.85   FALSE
2327    9  1500    0.15    0.85   FALSE
2328   10  1500    0.15    0.85   FALSE
2329   11  1500    0.15    0.85   FALSE
2330   12  1500    0.15    0.85   FALSE
2331   13  1500    0.15    0.85   FALSE
2332   14  1500    0.15    0.85   FALSE
2333   15  1500    0.15    0.85   FALSE
2334   16  1500    0.15    0.85   FALSE
2335   17  1500    0.15    0.85   FALSE
2336   18  1500    0.15    0.85   FALSE
2337   19  1500    0.15    0.85   FALSE
2338   20  1500    0.15    0.85   FALSE
2339   21  1500    0.15    0.85   FALSE
2340   22  1500    0.15    0.85   FALSE
2341   23  1500    0.15    0.85   FALSE
2342   24  1500    0.15    0.85   FALSE
2343   25  1500    0.15    0.85   FALSE
2344   26  1500    0.15    0.85   FALSE
2345   27  1500    0.15    0.85   FALSE
2346   28  1500    0.15    0.85   FALSE
2347   29  1500    0.15    0.85   FALSE
2348   30  1500    0.15    0.85   FALSE
2349   31  1500    0.15    0.85   FALSE
2350   32  1500    0.15    0.85   FALSE
2351    8  2000    0.15    0.85   FALSE
2352    9  2000    0.15    0.85   FALSE
2353   10  2000    0.15    0.85   FALSE
2354   11  2000    0.15    0.85   FALSE
2355   12  2000    0.15    0.85   FALSE
2356   13  2000    0.15    0.85   FALSE
2357   14  2000    0.15    0.85   FALSE
2358   15  2000    0.15    0.85   FALSE
2359   16  2000    0.15    0.85   FALSE
2360   17  2000    0.15    0.85   FALSE
2361   18  2000    0.15    0.85   FALSE
2362   19  2000    0.15    0.85   FALSE
2363   20  2000    0.15    0.85   FALSE
2364   21  2000    0.15    0.85   FALSE
2365   22  2000    0.15    0.85   FALSE
2366   23  2000    0.15    0.85   FALSE
2367   24  2000    0.15    0.85   FALSE
2368   25  2000    0.15    0.85   FALSE
2369   26  2000    0.15    0.85   FALSE
2370   27  2000    0.15    0.85   FALSE
2371   28  2000    0.15    0.85   FALSE
2372   29  2000    0.15    0.85   FALSE
2373   30  2000    0.15    0.85   FALSE
2374   31  2000    0.15    0.85   FALSE
2375   32  2000    0.15    0.85   FALSE
2376    8  3000    0.15    0.85   FALSE
2377    9  3000    0.15    0.85   FALSE
2378   10  3000    0.15    0.85   FALSE
2379   11  3000    0.15    0.85   FALSE
2380   12  3000    0.15    0.85   FALSE
2381   13  3000    0.15    0.85   FALSE
2382   14  3000    0.15    0.85   FALSE
2383   15  3000    0.15    0.85   FALSE
2384   16  3000    0.15    0.85   FALSE
2385   17  3000    0.15    0.85   FALSE
2386   18  3000    0.15    0.85   FALSE
2387   19  3000    0.15    0.85   FALSE
2388   20  3000    0.15    0.85   FALSE
2389   21  3000    0.15    0.85   FALSE
2390   22  3000    0.15    0.85   FALSE
2391   23  3000    0.15    0.85   FALSE
2392   24  3000    0.15    0.85   FALSE
2393   25  3000    0.15    0.85   FALSE
2394   26  3000    0.15    0.85   FALSE
2395   27  3000    0.15    0.85   FALSE
2396   28  3000    0.15    0.85   FALSE
2397   29  3000    0.15    0.85   FALSE
2398   30  3000    0.15    0.85   FALSE
2399   31  3000    0.15    0.85   FALSE
2400   32  3000    0.15    0.85   FALSE
